T152	0 1 2 3 4 5 6 7 8 9 10 11 12 13 14 5 15 16 17 8 18 19 20 21 22 23 2 3 4 5 6 7 8 9 10 11 12 13 14 5 15 16 17 8 18 19 20 22 24 1
T153	0 1 25 3 26 1 27 28 29 7 12 30 9 31 32 33 34 35 36 35 21 22 23 25 3 26 1 27 28 29 7 12 30 9 31 32 33 34 35 36 35 22 24 1 37 38 39 18 27 40
T150	16 41 42 43 44 45 46 47 42 43 44 48 49 50 44 51 52 53 54 55 56 56 57 58 42 59 60 61 62 58 43 59 61 62 61 62 63 64 65 66 67 68 69 59 56 70 42 43 42 43
T151	24 71 72 73 73 74 75 76 77 78 79 80 81 82 75 76 83 32 84 83 85 86 83 87 75 88 87 89 87 90 91 1 73 74 92 93 94 95 96 0 3 97 98 99 100 101 75 76 83 87
T156	102 103 104 105 106 105 22 106 107 108 109 110 111 112 113 114 23 115 116 117 20 118 12 119 120 121 122 123 117 20 124 125 126 12 119 120 127 128 120 129 130 59 131 132 133 134 135 136 117 137
T157	102 103 104 105 106 138 139 105 22 106 107 108 109 110 111 112 113 114 23 115 116 117 20 118 12 119 120 121 122 123 117 20 124 125 126 12 119 120 127 128 120 129 130 59 131 132 133 134 135 136
T154	12 140 12 140 141 142 143 142 144 142 145 146 147 148 149 150 151 12 140 140 152 140 152 153 152 154 140 152 12 12 152 155 156 157 157 152 158 159 160 161 162 163 152 162 163 164 165 159 160 152
T155	166 38 167 168 169 170 171 172 76 173 166 79 166 166 174 82 166 166 76 38 83 175 74 74 176 177 178 179 180 171 181 38 169 170 182 172 101 168 17 87 183 171 181 168 184 38 169 170 185 186
T185	187 188 189 94 190 191 192 193 194 85 195 196 114 85 197 195 198 199 200 201 202 203 204 192 193 194 85 195 196 205 206 207 208 209 210 211 212 213 192 193 214 215 62 194 85 195 216 217 203 218
T158	219 220 12 184 221 222 223 172 224 225 226 14 222 227 228
T159	229 107 85 230 231 77 232 78 89 233 23 234 121 235 58 236 230 237 238 101 239 240 241 242 230 243 244 108 230 82 230 245 234 246 247 248 249 250 251 204 249 250 252 249 250 253 204 249 250 254
T217	255 256 257 258 101 259 46 258 101 259 46 259 46 260 258 101 259 261 47 262 46 255 263 264 265 255 266 267 268 259 46 255 266 267 268 269 270 271 255 272 273 274 255 275 276 277 278 279 280 258
T184	194 85 90 194 85 90 180 281 282 282 283 284 22 285 286 195 287 288 194 85 101 289 290 291 292 293 194 85 101 294 295 194 85 101 296 297 281 194 85 101 298 299 300 101 301 68 291 302 303 302
T72	304 305 306 307 148 308 309 310 92 311 312 313 314 315 316 317 318 319 320 304 148 308 309 310 92 311 312 321 322 323 324 325 326 327 148 308 309 310 311 312 321 104 328 329 330 0 306 307 148 308
T73	331 332 74 333 334 335 336 337 338 339 340 341 342 78 239 24 198 343 344 345 346 347 348 349 350 84 351 104 352 196 353 170 354 332 355 356 357 358 332 332 359 114 360 361 332 349 362 363 195 364
T70	365 366 367 329 271 368 369 370 123 365 371 372 373 374 375 376 366 367 329 271 368 369 121 377 74 368 378 379 380 381 326 382 380 383 368 369 384 366 385 386 366 367 329 387 388 389 390 368 369 391
T71	151 151 392 393 394 395 395 395 396 396 397 398 398 398 398 399 400 400 401 401 402 402 402 402 402 402 402 403 404 405 406 407 408 409 410 409 411 412 413 414 415 416 417 417 418 419 420 420 179 421
T76	422 423 179 424 425 426 427 428 429 430 74 431 432 433 434 405 435 436 437 438 439 440 441 442 443 444 445 446 447 448 449 450 451 452 453 454 455 456 457 458 459 460 461 462 463 464 465 457 466 467
T77	199 468 469 470 471 472 473 474 475 476 477 478 479 480 481 482 482 256 94 483 484 485 486 487 488 217 489 484 256 92 490 491 485 486 189 489 204 492 493 494 495 484 484 490 496 487 92 497 187 498
T74	499 37 182 500 180 340 501 84 430 502 503 86 504 340 501 84 430 499 37 182 500 180 505 504 506 507 504 151 508 504 509 170 510 511 344 504 504 512 504 513 504 497 514 515 79 501 99 83 516 517
T75	518 519 520 521 522 518 523 524 95 525 526 527 518 519 528 529 40 530 531 201 532 533 534 535 536 405 537 538 539 540 541 541 542 543 361 201 532 544 545 546 547 548 549 550 551 552 552 552 541 531
T78	553 79 217 22 554 555 217 114 196 195 79 556 557 556 557 340 284 558 559 560 561 562 563 564 565 566 567 501 504 86 568 569 570 571 570 571 340 562 563 572 573 114 574 546 575 546 575 340 562 563
T79	576 577 510 578 579
T248	580 179 179 179 580 581 77 232 582 491 583 584 491 585 586 580 491 583 584 491 585 586 580 587 588 589 590 590 591 580 592 593 594 593 594 595 580 596 594 597 596 594 598 599 196 593 600 601 594 593
T249	602 603 604 605 606 602 605 606 229 607 195 340 608 609 580 610 611 612 355 613 614 109 615 616 617 618 619 620 490 621 622 623 593 624 625 626 130 627 628 629 630 631 630 612 204 632 630 602 605 614
T246	602 605 633 634 602 605 633 634 635 258 334 633 634 602 605 634 525 636 255 637 638 231 639 640 231 641 640 637 638 231 641 640 231 490 525 642 83 634 643 605 634 231 644 645 646 647 282 614 297 580
T247	580 239 24 648 649 650 609 651 652 653 654 655 649 656 605 657 658 649 659 660 649 661 662 663 649 664 665 593 666 649 667 668 669 670 671 662 672 673 643 674 675 676 677 678 282 649 677 679 677 659
T244	606 680 681 680 682 683 623 684 685 572 686 687 373 525 680 572 688 181 684 606 680 689 690 691 684 572 692 684 680 693 340 606 572 41 694 684 695 696 697 698 699 700 340 701 572 702 703 704 692 705
T245	706 707 60 602 708 709 710 706 707 630 60 602 708 709 114 487 488 706 701 711 630 712 130 602 708 709 713 632 630 714 715 609 716 712 130 626 717 718 719 720 721 271 707 706 722 340 720 721 392 706
T242	723 724 725 726 727 358 728 501 729 730 605 255 358 635 731 732 733 734 729 539 735 736 727 501 737 86 738 739 255 358 740 741 114 255 742 740 741 743 744 744 745 359 746 255 358 187 747 740 741 748
T182	114 85 197 195 84 85 195 192 193 194 85 195 196 101 194 85 195 101 192 193 62 101 192 193 214 68 515 749 195 750 170 751 23 68 515 749 187 711 752 752 233 753 754 755 121 260 84 85 195 203
T240	339 340 57 430 756 757 191 74 758 759 167 217 336 760 761 762 763 764 498 765 766 767 311 210 256 768 769 770 771 757 191 763 764 498 765 772 757 74 773 774 775 776 758 759 167 217 760 336 761 762
T241	777 255 59 778 187 779 780 187 779 781 187 779 782 114 255 90 783 340 255 90 784 501 785 786 787 788 789 90 358 195 790 735 791 792 121 121 239 24 793 777 255 59 778 187 779 139 239 24 794 469
T278	602 605 795 796 795 90 797 90 357 798 799 603 604 1 800 283 801 802 803 804 680 805 806 181 143 807 808 809 810 173 811 139 812 610 813 41 189 490 814 100 815 232 795 796 167 525 223 816 224 605
T219	817 229 818 68 748 819 256 258 819 519 256 258 90 101 256 820 821 256 822 823 256 258 824 258 825 510 826 827 828 829 830 831 832 833 834 339 700 835 836 833 837 838 839 840 59 840 840 841 840 842
T228	843 315 256 844 255 845 843 315 256 846 847 848 849 845 850 593 851 852 387 853 704 637 854 176 510 581 470 531 721 855 256 756 856 857 306 843 315 776 858 721 855 859 860 861 862 87 863 845 864 698
T229	785 816 865 866 867 868 869 735 76 785 76 501 861 870 871 99 872 649 873 501 255 868 255 211 255 874 875 876 877 878 816 525 875 876 816 76 753 816 187 879 880 867 816 881 79 340 255 90 784 501
T194	882 213 883 884 77 76 883 99 885 90 167 77 82 79 853 555 886 887 888 889 890 891 892 893 894 229 378 882 213 884 357 895 896 895 896 897 896 898 883 475 526 696 475 118 79 83 899 900 899 755
T149	901 902 74 903 904 905 575 575 906 87 907 908 909 910 186 911 912 343 83 913 914 182 221 915 916 25 305 528 221 12 156 220 917 918 919 168 920 336 72 191 921 922 212 84 923 139 811 139 25 305
T148	901 902 74 903 904 905 575 575 906 87 359 908 909 910 186 911 912 343 83 913 914 182 221 924 16 25 305 528 221 12 156 220 917 918 919 168 920 336 72 191 921 922 212 84 923 925 811 139 343 83
T145	168 83 12 926 905 926 173 59 926 927 146 928 929 143 930 874 931 932 929 168 83 12 933 173 934 223 935 236 224 936 937 938 939 155 940 941 942 943 944 151 140 221 945 151 220 12 946 947 12 948
T144	936 168 83 12 138 949 168 151 950 951 952 953 954 955 956 179 957 958 959 960 961 962 963 964 965 966 967 968 969 12 155 940 941 942 943 944 151 140 221 945 151 220 12 139 173 62 59 44 970 39
T147	16 224 971 972 973 916 974 62 971 972 973 916 974 62 131 905 975 212 900 976 977 905 373 978 971 972 973 916 57 83 979 627 980 83 981 982 983 62 927 984 980 985 986 987 971 972 973 916 988 981
T146	918 918 989 990 991 734 992 993 994 995 996 997 744 998 996 999 49 1000 593 168 1001 373 1002 489 470 175 260 753 1003 168 1004 203 140 1005 12 152 917 1006 1007 1008 140 1009 12 152 917 1006 1010 1011 1012 423
T141	936 168 83 12 220 750 138 949 168 151 1013 950 1013 1013 951 1013 952 953 1013 954 1013 955 956 1013 179 1013 1013 1013 1013 1013 1013 957 1013 958 959 1013 960 1013 961 962 1013 1013 963 1013 964 965 1013 1013 966 1013
T140	936 168 83 12 750 138 949 168 151 1013 950 1013 1013 951 1013 952 953 1013 954 1013 955 956 1013 179 1013 1013 1013 1013 1013 1013 957 1013 958 959 1013 960 1013 961 962 1013 1013 963 1013 964 965 1013 1013 966 1013 967
T143	168 83 12 220 750 926 905 926 173 59 926 927 146 928 929 143 930 874 931 932 929 168 83 12 220 750 933 173 934 223 935 236 224 936 937 1014 939 944 151 221 1015 1016 1017 1018 805 220 12 1019 940 1020
T142	168 83 12 750 926 905 926 173 59 926 927 146 928 929 143 930 874 931 932 929 168 83 12 750 933 173 934 223 935 236 224 936 937 1014 939 944 151 140 1009 140 1005 945 1015 140 1009 140 1005 1017 1018 805
T224	1021 1022 868 187 1023 1024 1025 102 1026 850 255 1011 1027 1024 1028 1029 1030 931 258 71 1027 868 187 255 868 187 610 581 868 1031 1032 1033 255 946 387 90 1034 255 358 1035 1036 867 187 1037 201 825 1038 106 1029 1
T216	255 90 229 607 76 173 255 90 387 256 1039 255 90 1040 868 691 1027 255 90 502 189 748 519 255 211 866 490 243 244 229 607 180 525 1041 1042 881 77 83 1040 868 258 748 255 90 229 607 881 1043 255 868
T225	1044 488 255 90 1045 255 744 1027 1046 998 1027 1047 255 1048 865 187 1049 187 868 1032 764 1050 255 90 581 1032 1051 1052 1053 1036 340 750 255 744 488 255 1048 865 187 1054 1032 981 59 18 1055 1056 1032 769 1057 1058
T226	1059 881 77 1059 881 77 721 1060 490 881 77 1061 143 593 721 1060 490 881 77 425 881 173 212 77 1056 721 1060 490 881 77 490 256 881 173 475 1062 1063 1064 1059 1065 224
T197	43 55 194 85 1066 229 194 85 83 101 82 77 194 85 429 89 84 1067 84 229 230 44 229 1068 1069 84 1070 1071 1072 173 179 1073 173 1074 173 1075 1076 189 593 430 43 55 194 85 1066 43 55 194 85 1066
T259	229 882 795 1077 180 1078 999 1079 593 1073 508 339 340 114 759 229 607 195 229 882 795 1077 1073 1080 478 608 477 479 480 999 1079 231 508 1081 1082 1083 1084 1085 229 607 195 229 882 795 1077 478 756 478 378 1086
T258	1083 1045 90 1087 77 1088 1089 680 1090 1091 1092 1087 77 1088 1089 680 1090 1083 1045 90 1088 1089 1093 1094 110 130 378 1095 1096 1097 173 582 1098 1088 1089 1093 1099 1100 575 1101 1102 1103 1104 1086 1105 1106 1102 1107 1108 1109
T227	479 255 256 101 83 82 582 138 949 255 90 479 340 1110 255 256 101 1111 1112 98 868 255 256 101 83 479 255 256 101 1113 1114 1115 725 1116 519 589 1041 231 232 1117 76 255 256 101 83 229 1118 303 256 87
T198	504 194 85 568 223 1119 1120 224 1121 1122 1122 1122 1122 228
T251	1123 975 1124 1125 605 1126 864 1127 337 77 1128 76 173 1128 1129 873 76 173 229 1130 1131 750 76 642 1132 96 79 1133 1134 229 1135 1131 1136 1137 656 372 284 559 1047 1133 1134 229 1135 1130 1131 881 173 484 1138 797
T220	255 256 255 256 1027 90 255 1139 255 1140 1140 255 1141 255 358 1142 1143 1144 255 868 255 90 255 256 271 255 255 271 700 1145 192 255 255 1146 303 636 137 303 1147 1148 637 1149 255 137 1150 1151 1152 1153 1154 258
T253	1155 593 378 617 728 1078 1069 79 1155 79 1156 1155 224 1157 79 1158 1159 1157 737 1160 1161 84 600 88 358 1162 479 480 701 1163 1164 1111 107 1160 230 195 1165 1166 239 1111 229 107 358 1090 271 1167 749 1160 631 1168
T212	256 258 748 255
T255	86 1169 1170 195 490 361 260 593 646 502 795 90 1171 1172 1173 1174 1175 1010 1176 340 960 490 361 260 86 1169 1170 195 593 646 180 333 1177 512 1169 1170 195 1178 180 1179 1180 1181 1182 1170 486 180 960 502 795 90
T254	580 1183 795 635 1184 1185 1186 894 480 1187 580 1183 795 635 1188 1189 1190 779 580 1183 1191 1183 1192 747 1193 1194 109 1195 1196 1197 1191 1183 1198 1199 1200 1183 1200 1183 1201 63 201 1202 580 1183 1203 1204 1205 1206 359 1207
T257	816 1208 1209 513 1 642 121 74 1210 1211 1212 1213 1214 187 229 607 195 1215 1216 1212 1217 1213 1214 187 816 74 1218 1211 1210 1215 1216 1219 1220 1213 1095 1 1209 513 934 223 1221 816 224 1222 228 479 480 1213 1214 187
T221	1065 1223 1224 256 656 255 1225 1226 255 1227 1228 1229 495 728 767 1228 255 1230 948 303 1231 1232 1233 1234 728 1235 767 1236 1228 1234 543 767 203 1237 828 1231 1238 1226 1239 914 1240 303 1231 1228 255 1061 1241 255 1242 1228
T196	1243 1244 1217 180 1245 1246 502 1247 1248 1249 95 76 173 57 83 79 1243 187 177 74 90 76 57 83 1244 1217 1244 1217 180 1244 1217 83 1244 1217 180 1250 1251 46 1244 1217 177 180 1244 1217 180 1252 1253 79 1244 1217
T222	482 68 748 1254 255 878 1162 878 255 488 1255 60 79 926 905 82 482 76 255 1256 255 1254 255 878 255 488 68 748 1254 255 878 1162 878 255 76 1096 1257 1258 344 1259 1162 488 1260 79 881 1046 1261 1262 76 68
T89	519 589 1263 1264 1265 1266 1267
T88	340 579 114 1268 1269 1270 1271 578 579 861 1272 579 1038 177 1273 177 1269 1274 1275 1270 578 579 809 177 1269 1276 1275 861 1272 579 809 177 1269 1274 614 1277 1270 578 579 809 177 1269 1276 614 1277 861 1272 579 809 24
T87	1278 1270 578 579 1038 83 999 1279 1280 1281 1066 1282 184 579 642 752 1283 1284 1285 1270 18 579 201 1286 1002 726 1282 184 579 642 170 1287 1288 1289 1290 1291 1292 1289 753 579 578 1293 1294 177 985 1282 184 579 1293 1295
T86	1267 1267 114 1296 1297 1298 151 1299 579 1300 710 1301 1302 1298 711 532 416 1299 1267 579 1300 1299 705 594 1002 494 144 1303 1304 50 1305 1301 1298 528 1306 744 579 114 1307 1087 1308 836 1309 150 579 1310 267 1311 1299 189
T85	809 78 151 60 1312 1313 1314 1315 642 1316 1317 578 861 258 1318 1319 579 1319 579 642 1320 1321 814 179 985 985 173 985 173 131 985 173 131 985 173 131 985 173 131 985 173 354 985 173 354 985 173 797 985 173
T84	872 167 756 728 1322 950 1323 728 1324 1324 60 1325 579 1326 1327 1328 1329 1330 1322 858 1331 195 283 60 1325 579 1326 426 496 1327 1328 1329 1329 1332 753 579 1326 1333 510 1334 496 1288 510 1335 1336 496 1288 510 1336 177
T83	114 1331 502 1111 1331 1337 578 579 23 1338 1338 1338 1338 332 173 1339 1051 1340 1341 1342 1116 1343 579 1344 722 1345 74 1346 1343 579 1347 1116 1348 1349 1350 1116 1343 579 1338 46 47 1338 1351 1352 710 1338 1353 1354 1296 1338
T82	114 1355 858 1331 195 355 1356 1357 1358 1359 1360 1361 642 576 510 847 809 217 858 1331 195 1324 1355 515 1362 871 543 1363 871 24 975 384 1362 871 167 1360 1361 642 1364 1365 807 1313 1270 1095 1313 1288 1366 510 847 578
T81	1356 23 355 199 23 355 858 1331 1337 858 1331 195 114 1355 1357 1367 196 1368 871 512 1369 725 1083 809 57 512 809 725 180 512 59 834 872 512 59 834 872 1370 809 859 512 700 809 578 1371 809 578 579 1372 1373
T80	1250 1251 46 76 579 1374 1324 1375 1376 1112 213 77 232 1377 1378 581 82 1324 77 82 177 84 82 581 807 861 1379 1127 1380 337 1253 579 86 1381 779 179 510 177 84 510 79 1036 756 1250 1251 46 1288 1309 76 1250
T138	12
T139	16 224 1382 1383 12 1384 599 74 1382 1383 12 1384 599 74 1385 167 173 15 16 76 173 1386 1091 83 15 16 1387 16 76 173 1386 1091 83 1387 16 1087 1388 8 1389 1382 576 12 983 1390 167 16 137 16 224 1391
T195	194 85 926 905 926 173 59 926 927 146 928 929 143 930 874 931 932 929 194 85 933 173 934 223 935 236 224 936 1392 939 1393 99 1394 988 521 1395 187 218 1396 85 934 223 935 236 224 936 99 1397 939 99
T268	77 1398 1399 1400 792 873 229 607 195 76 230 82 792 1401 77 1398 77 232 1402 1403 1404 1405 1400 1406 1407 260 1408 630 1085 180 799 1409 1090 795 77 340 143 151 340 180 747 747 425 180 1042 77 1398 232 747 873
T213	255 256 257 1410 255 1047 640 279 1410 255 256 257 881 77 1411 83 1412 255 1413 1414 232 1415 101 1416 278 1417 255 1418 1045 1419 805 716 255 1045 181 77 232 303 255 255 1259 255 59 255 1083 1045 258 101 1413 796
T187	1420 1421 756 1093 1422 194 85 1423 85 90 1113 1420 1424 85 195 756 1093 1422 194 85 90 101 85 1045 1425 1113 84 1374 1093 85 1093 85 76 173 1421 76 173 82 1421 77 90 101 1425 85 1113 84 1426 1427 41 1234
T130	873 68 188 1428 1177 74 756 229 1177 96 710 1429 761 1430 998 1072 425 795 1429 761 1431 1428 1177 756 229 1177 96 1432 920 1433 1428 1177 1434 1168 1435 873 632 96 188 231 1436 188 610 475 350 68 776 1437 1438 479
T131	1066 187 198 189 94 1439 1066 187 1440 1441 1442 1443 201 364 1066 187 1444 1445 18 760 1370 68 1113 753 337 490 359 1446 611 1447 1264 1448 1449 1031 1450 1451 1452 40 864 187 863 1453 214 1454 1383 1455 1456 1457 1458 1459
T132	229 747 68 359 1270 1266 1267 1460 1461 1462 749 1463 392 1339 229 747 1270 1266 1267 191 805 1380 1464 229 747 1270 1465 700 1466 1467 1468 1469 1470 490 1464 1460 1253 1465 1168 258 502 68 359 1471 1472 231 1473 1474 1475 1476
T133	1267 1477 1478 1479 187 1480 1480 74 1301 328 1481 1477 515 187 1482 1301 74 198 697 106 74 383 487 210 588 359 931 931 1267 1483 1332 1484 515 187 1485 1449 1486 1479 1267 1487 1488 1489 1490 1491 1492 1493 1494 1495 1484 515
T134	1267 1496 195 880 1497 1498 1499 1034 1116 1500 1501 1502 1503 1504 892 1505 56 1506 1507 532 1508 1300 1501 1116 1057 722 1509 1510 836 1073 254 1511 1512 1513 1505 1514 1515 1516 1508 1517 762 1518 1514 298 1382 1519 1502 1520 1375 1279
T135	1267 1496 195 880 1521 1499 1034 1116 1500 1501 861 1509 1267 1522 680 700 1523 282 1524 1344 469 1525 1047 1526 1527 519 861 1528 1522 184 1529 1530 1508 84 83 756 1267 1509 1522 1531 847 698 589 1532 170 1533 201 131 1267 1462
T136	99 83 337 1534 749 1499 1535 469 1536 470 587 1537 195 998 1036 337 1538 1539 1540 489 1541 1542 195 999 711 475 1536 827 587 83 1543 722 1286 469 1536 1544 1352 632 60 749 83 1545 1352 1537 881 77 1057 749 589 81
T137	1267 1546 187 863 1547 1548 392 769 1549 213 771 1500 343 1550 863 1546 1551 1267 1267 1552 779 1384 868 1553 769 1549 351 798 213 334 1049 1554 362 769 1348 1177 589 1555 1032 1554 362 1032 1556 93 1549 110 1552 779 1384 868
T14	1557 1558 1559 626 1560 501 1561 1545 72 1480 1562 1563 1564 1565 425 1559 212 130 195 1539 1369 1566 170 827 1537 1559 1567 827 1539 1568 1336 1569 181 1545 756 286 1570 1571 756 626 1572 1573 476 1560 372 773 1574 1575 1576 720
T15	1557 1558 1559 626 1560 501 1561 1545 72 1562 1563 1564 1565 425 1559 212 130 195 1539 1369 1566 170 827 1537 1559 1567 827 1539 1568 1336 1569 181 1545 756 286 1570 1571 756 626 1572 1573 476 1560 372 773 1574 1575 1576 720 72
T16	1577 255 1578 501 710 425 1559 212 130 195 1539 1369 1566 170 827 1537 1559 1567 827 1539 1568 1336 1569 181 1545 756 286 1570 1571 756 626 1572 1573 476 1560 372 182 710 1579 1580 863 355 1581 476 1560 372 1577 1582 1583 1584
T17	1557 1558 1559 626 1560 501 1561 1545 72 1570 1480 1562 1563 1564 1565 203 773 1585 419 720 72 964 1079 425 1586 501 1561 776 1585 419 1587 1588 1589 1590 1591 1592 1593 1594 405 1595 1596 1586 626 744 1597 1598 1369 1599 501 1561
T10	1371 1600 1601 1602 1603 77 626 1560 1371 72 1604 1560 501 1561 1605 1521 1604 84 38 1606 1604 372 72 1607 776 106 1596 1588 1590 106 626 744 1598 1608 1609 1610 1608 1611 1612 1613 1614 1615 1604 1561 1604 626 196 1616 1561 776
T11	1557 1558 1559 626 1560 501 1561 1545 72 191 1562 1563 1564 1565 425 1559 212 130 195 1539 1369 1566 170 827 1537 1559 1567 827 1539 1568 1336 1569 181 1545 756 286 1570 1571 756 626 1572 1573 476 1560 372 773 1574 1575 1576 720
T12	1371 1557 1558 1604 1603 255 1617 626 1560 501 1561 1371 72 1604 501 1561 710 84 38 1606 1604 580 425 1559 212 130 195 1539 1369 1566 170 827 1537 1559 1567 827 1539 1568 1336 1569 181 1545 756 286 1570 1571 756 626 1572 1573
T13	626 1560 501 1561 1545 72 1562 1563 1564 1565 425 1559 212 130 195 1539 1369 1566 170 827 1537 1559 1567 827 1539 1568 1336 1569 181 1545 756 286 1570 1571 756 626 1572 1573 476 1560 372 773 1574 1575 1576 720 72 964 1079 425
T191	194 85 1618 1619 362 1113 1452 1087 1620 1618 1621 1622 1623 1624 1621 5 1452 88 1087 1452 110 1452 340 282 747 1625 84 85 217 340 282 1625 197 1626 195 340 1036 1620 84 38 1627 1192 1628 1628 1477 737 258 1629 1628 1630
T18	482 753 882 182 1631 364 779 372 286 1632 1633 1226 580 1634 609 660 675 372 960 1632 1635 357 753 882 487 975 1255 60 79 926 905 82 482 76 753 882 1636 201 1636 722 1636 1637 1636 1638 182 1631 364 779 372 286
T19	229 607 195 1639 229 607 195 1640 83 750 213 1641 1642 734 1643 1644 1645 1646 1329 734 1647 1648 1234 1649 1650 1414 1651 1560 1652 1649 1650 1414 1651 231 1653 812 1654 1655 1649 1650 1414 1651 231 734 1656 1657 1654 1655 1658 1659
T161	229 107 85 230 231 77 232 78 89 233 23 234 121 235 58 236 230 237 238 101 239 240 241 242 230 243 244 108 230 82 230 245 234 246 247 249 250 253 204 919 253 250 1660 229 250 1661 1662 1663 593 1664
T280	1665 1089 680 71 1665 1089 680 71 1665 1089 680 71 1411 229 1666 197 589 868 1024 1667 1 1668 946 1045 1089 680 1068 1416 351 1041 738 1040 799 795 77 59 378 5 795 1669 1665 71 106 1670 1671 1042 1665 167 1672 1665
T160	229 107 85 230 231 77 232 78 89 233 23 234 121 235 58 236 230 237 238 101 239 240 241 242 230 243 244 108 230 82 230 245 234 246 247 249 250 252 250 90 252 1673 463 1674 249 250 253 204 919 253
T98	747 1675 747 1675 1264 1675 1676 76 79 100 82 77 232 521 1264 76 1677 380 1678 83 100 258 1679 115 1680 99 1264 1681 1682 1683 519 1684 847 1264 101 594 589 629 1264 128 1264 1685 1686 1687 1264 1675 1676 519 589 1688
T99	583 585 196 586 1267 587 588 589 590 590 591 1267 592 593 594 593 594 595 1267 596 127 596 594 599 196 593 600 601 594 593 600 601 594 595 596 594 127 596 600 601 594 599 196 593 1689 594 1689 594 595 1267
T94	1690 340 229 1041 1690 340 229 1690 1691 1692 1693 1167 187 340 1694 1695 530 1402 735 1696 606 1697 635 1698 764 1699 1700 1701 1403 1702 1278 1703 1404 1405 716 111 580 993 281 1400 1406 1704 1705 1706 593 646 593 1707 593 1708
T95	1267 179 179 179 1267 581 77 232 582 491 583 584 491 585 586 1267 491 583 584 491 585 586 1267 587 588 589 590 590 591 1267 592 593 594 593 594 595 1267 596 127 596 594 599 196 593 600 601 594 593 600 601
T96	1267 1267 491 583 584 491 585 586 1267 491 583 584 491 585 586 1267 587 588 589 590 590 591 1267 592 593 594 593 594 595 1267 596 127 596 594 599 196 593 600 601 594 593 600 601 594 595 596 594 127 596 600
T97	747 1675 747 1675 1605 822 1709 313 76 79 100 82 77 232 521 1264 76 1677 380 1678 83 100 258 1679 115 1680 99 1264 1681 1682 1683 519 1684 847 1264 101 594 589 629 1264 128 1264 1685 1686 1687 1264 1675 1676 519 589
T90	1267 1690 187 1710 1690 340 229 1267 68 195 1433 115 608 478 1474 1267 559 223 737 1690 1711 1270 229 68 195 340 756 115 608 478 1474 1267 559 223 1712 737 612 1690 49 1089 754 1713 327 748 1408 1089 1714 1056 888 1622
T91	1452 1715 525 1716 1717 594 422 77 805 1452 1715 525 1716 1717 594 422 77 805 716 173 74 139 1322 530 1718 282 530 1195 1402 1719 282 1402 1720 1721 735 1722 735 624 606 593 1723 606 1724 764 1725 282 764 476 544 281
T92	888 210 756 755 1599 779 17 96 83 101 1337 104 772 900 17 1568 1726 1337 114 85 197 195 429 772 17 57 1727 84 85 85 1066 195 197 195 68 1728 1729 429 17 1568 1726 428 24 17 490 900 17 361 1730 1352
T93	563 1333 700 1351 739 187 662 662 662 187 662 771 704 662 77 232 1731 1070 563 1333 700 1351 739 187 1732 179 1733 1407 340 110 998 1734 1255 351 479 480 1735 563 340 87 868 1333 195 1731 187 479 1736 1 229 1737
T282	1738 606 1739 1738 606 1739 59 713 1398 606 340 607 363 713 1188 720 721 804 1740 1741 1130 709 1127 835 1742 629 1743 1653 1744 1745 1746 1747 1748 605 637 1749 387 1096 488 604 1711 1010 1090 795 90 690 1750 357 720 1493
T283	1751 68 1752 580 1753 224 76 173 340 337 340 89 195 1751 68 626 1752 644 282 1752 83 340 217 68 118 1754 68 1010 1116 1755 581 1756 22 1036 1090 1433 580 114 868 257 180 1752 84 230 83 1752 257 635 118 340
T129	756 229 168 784 96 168 96 83 1757 1266 1267 118 168 1758 710 1759 168 96 83 1757 212 720 878 1414 106 1760 83 384 118 1761 1566 1351 1414 1095 335 1762 118 59 862 1255 1414 1763 878 59 774 127 340 74 309 1266
T128	1714 195 1764 84 1267 114 1714 1267 1765 101 1267 1766 312 1767 333 1768 779 359 17 502 1769 502 1770 1771 227 490 1772 5 121 1414 326 1773 1774 74 1772 74 1775 1414 326 1776 575 279 610 88 1777 1778 1779 361 88 1777
T286	602 1539 602 881 77 231 934 223 602 1780 737 180 606 1781 223 1782 340 1780 602 602 228
T287	584 491 339 340 1783 1784 1785 247 1786 341 795 756 584 491 339 340 479 337 926 756 1787 198 247 1786 1044 1788 1789 115 1790 1791 1792 515 1051 1793 1794 426 1795 623 300 341 328 1796 1797 84 278 1798 584 491 1783 1784
T281	580 795 880 580 1010 490 94 1799 984 1293 795 1010 187 1800 177 84 212 229 882 795 1077 984 1751 1160 580 378 1800 187 580 1010 490 94 1799 984 1293 795 1010 187 229 882 795 1077 984 734 187 84 83 1800 177 84
T285	761 602 223 1801 340 1780 1627 761 602 228
T123	1002 99 378 1802 1803 89 1804 1805 1803 314 710 1474 1806 230 716 109 1441 1807 763 749 1136 1474 1301 1302 1298 1808 1301 1809 1810 1111 1267 114 84 38 1811 645 1812 1813 835 1656 519 882 89 1814 771 882 1805 1301 1302 1298
T122	1267 340 607 519 187 1440 82 1390 1815 607 340 232 432 1148 1816 1196 1817 1818 1819 1196 302 1195 1820 1196 1821 1148 1822 1823 1824 1196 1825 1246 1266 1826 557 1148 1827 1196 1828 1196 1697 466 1829 1830 1829 1831 1832 1830 1833 1834
T121	76 1835 1836 1300 1837 1838 1839 1369 1840 1841 1842 1843 1844 1845 1842 1846 1842 1847 1842 1572 1842 1848 282 40 195 1848 282 501 194 1849 1850 1501 1848 282 1851 195 880 1476 1848 282 85 114 1848 282 194 85 501 501 1852 1848
T120	747 1266 487 90 1710 1089 1853 868 101 910 186 1266 1267 1854 546 1855 559 58 179 1073 1856 1857 881 77 934 68 1266 1857 1858 825 106 41 1234 1859 469 68 1860 1089 1387 1471 1861 1267 1862 1183 1266 1267 390 1863 1864 110
T127	22 1865 1866 1867 180 1868 1867 1865 1867 22 1417 215 187 282 476 1869 67 101 1870 282 1433 1871 168 193 1148 357 1872 101 1873 282 194 85 1678 195 68 1678 1874 101 1871 148 193 1433 739 775 1871 168 193 98 187 1875
T126	326 239 1876 214 1877 187 1435 1878 333 1879 361 1880 340 94 214 749 187 866 214 310 1881 84 1057 1241 1871 168 215 425 811 1882 130 1257 59 94 214 1877 187 1435 1301 1880 94 1737 94 1883 23 428 428 1884 214 195
T125	1267 84 38 99 728 1811 196 76 1811 84 83 99 728 1885 728 1859 1111 1886 1887 74 1186 1888 38 525 79 83 781 74 38 1889 1461 521 38 187 1890 1891 1892 233 1067 89 868 84 38 691 1893 1267 1894 68 1895 786
T124	68 85 1379 1267 763 1896 608 478 1474 940 1897 1471 1898 1899 1337 83 868 88 1900 229 1901 1902 187 1066 779 821 86 1903 1897 1458 167 1904 1089 16 1661 1267 502 529 214 16 1905 864 16 1906 1907 16 483 1908 87 84
T29	1909 793 425 384 777 170 1604 1909 106 1668 84 1564 1663 1570 1002 1604 297 257 130 582 762 1876 1910 60 1911 1912 1604 1909 1604 580 1913 781 626 1852 1480 1914 951 342 781 626 72 1480 951 1915 1083 626 72 1521 951 1915
T28	1604 1604 1604 1453 1916 387 1917 626 258 337 890 519 1791 1604 1918 1127 1918 1288 529 86 1919 1727 1920 1604 177 337 337 626 1909 1852 719 776 501 1561 532 626 196 77 610 700 83 836 1604 337 83 626 90 118 1921 282
T169	1922 1603 1923 1902 1924 1925 1926 1927 131 1351 77 636 1928 1929 1930 1931 1932 1933 1934 1935 1936 1937 1938 1939 1940 1941 1942 1943 1944 1945 87 187 112 1890 256 660 1946 229 818 1946 735 1947 1948 1675 735 1949 87 114 817 229
T193	1950 114 85 1951 737 1114 196 79 83 1952 905 1113 1114 826 827 649 826 510 223 1951 1950 224 1953 228
T21	482 1954 1955 753 882 1368 1954 1955 79 926 905 82 482 76 828 1956 828 211 779 310 1954 1955 753 882 1368 1635 357 1632 1957 1958 1959 1960 1961 1960 1962 1963 1964 753 882 1368 753 882 342 199 22 1876 332 173 753 882
T20	482 753 882 182 1631 364 779 593 646 286 1632 1633 1226 593 646 1634 609 660 675 372 960 1632 1635 357 753 882 487 975 1255 60 79 926 905 82 482 76 753 882 1636 201 1636 722 1636 1637 1636 1638 182 1631 364 779
T23	626 1965 372 626 1965 1966 1967 257 608 1965 580 501 1561 626 196 1250 1251 46 1225 784 501 1968 501 85 863 1969 1970 1841 358 880 1433 1714 1971 84 836 1839 607 1972 1578 255 626 1656 1329 1971 230 629 1973 779 501 1974
T22	626 1965 372 626 1965 1966 1967 257 608 1965 580 501 1561 626 196 1250 1251 46 1225 784 501 1968 501 85 863 1969 1970 1841 358 880 1433 1714 1971 84 836 607 1972 1578 255 1971 1839 1329 1971 230 629 1973 779 501 1974 1971
T25	422 121 1975 1751 1493 121 1975 1751 1493 1337 1751 580 1408 1976 1977 203 121 1041 1975 1493 339 340 1089 1978 1289 203 1979 1980 1878 1981 1751 1975 339 340 1089 1493 1982 202 1641 1642 229 1983 1984 1618 870 1985 617 1010 84 85
T24	387 90 744 387 90 744 1329 744 343 1986 1446 1987 498 1641 1642 1408 201 1494 1988 1989 1641 1990 1250 1991 387 1992 1986 1993 1994 1995 1996 1329 1450 1452 1997 1998 1987 1990 1146 1658 1641 202 1641 1642 229 1983 1654 335 1999 2000
T27	1604 1641 1642 372 76 173 78 939 1047 1604 580 2001 1206 1659 2002 593 2003 649 139 1604 1561 2004 143 521 2005 146 809 501 336 1756 22 271 1033 167 823 179 1073 1096 626 2006 490 2007 2008 881 77 1047 143 2009 626 1604
T26	1751 68 1604 580 1753 224 76 173 340 337 340 89 195 1751 68 626 1604 678 282 626 1604 823 1539 1604 76 173 1974 114 84 230 1604 83 340 217 68 118 1754 68 1010 1116 1755 581 1756 22 1036 1090 1433 580 114 868
T192	2010 40 194 85 223 2011 224 2012 2013 228
T189	194 85 167 881 77 502 821 68 195 194 85 195 194 85 167 881 77 57 83 229 1471 340 194 85 1111 180 340 753 194 85 217 934 223 2014 737 2015 228 101 194 85 195 1418 2016 97 83 90 214 62 1496 195
T190	502 192 193 194 85 84 194 85 195 1181 1427 2017 2018 1414 59 1540 211 210 1726 201 340 1140 114 197 195 502 192 193 194 85 502 192 193 194 85 84 194 85 195 1181 1427 2017 2018 1414 59 1540 211 210 1726 201
T239	111 605 637 748 90 111 605 637 748 90 255 866 90 173 180 90 380 258 90 255 866 748 519 637 2019 519 90 2020 362 867 1471 791 637 76 2021 76 931 637 1027 2022 637 866 637 2023 2024 866 2025 2026 2027 2028
T238	18 1113 750 693 107 2029 1115 2030 517 2031 1115 2032 593 55 1483 1115 512 593 2033 2034 836 2035 1053 1670 1049 1115 2036 779 1483 2037 1026 1688 1049 2036 1548 1370 50 1357 1483 1115 1699 2036 1370 748 2038 255 469 2039 2040 339
T237	2041 1053 640 279 114 759 229 1147 1150 196 114 2042 1426 343 1878 640 279 114 759 2043 49 1410 229 1147 1150 196 114 2042 2043 49 2044 49 1687 167 2045 22 187 357 229 1727 187 928 768 2046 88 1115 1410 229 2047 1053
T236	258 2048 748 222 223 172 224 183 72 2049 172 228
T235	391 255 1455 1251 2050 112 378 391 255 1455 151 2051 509 1714 46 1455 391 255 2052 1549 2053 692 704 2054 391 255 2055 384 847 2056 344 2055 2057 306 2058 2059 391 255 148 258 2060 255 2061 2062 2055 1455 255 2063 2064 2065
T234	735 2066 38 74 260 468 2067 1414 1114 735 2066 38 74 1114 255 2068 2067 631 258 631 2067 847 2067 748 2069 1295 748 2070 255 2068 2067 748 131 2071 748 1351 150 255 2068 167 258 1445 2071 2072 255 2073 748 2067 2071 2072
T233	1065 843 315 256 844 255 845 1065 224 77 512 2074 2075 146 1038 143 582 808 77 2076 2077 79 1065 76 344 1065 1440 82 1390 2078 949 1065 99 100 2079 1115 2080 1045 2081 197 721 949 716 1096 333 721 2082 721 864 721
T232	783 2083 635 255 868 255 868 187 187 984 334 2045 114 255 90 868 84 946 255 2084 59 255 868 187 755 340 753 217 1036 255 635 68 1113 114 2085 2086 756 255 868 2087 230 1779 2088 872 184 59 1714 1727 1900 1051
T231	255 1413 255 256 1413 796 255 256 1413 796 881 77 1413 73 469 255 748 1413 581 2089 2090 692 2091 738 1095 1135 2092 2093 581 806 22 1413 398 2094 1017 308 255 255 59 255 197 2095 255 750 796 255 256 76 173 1410
T230	255 256 92 71 76 2004 106 255 255 256 92 71 343 1599 759 2096 2097 711 255 214 1874 2098 614 255 1179 2099 994 2100 2101 91 1532 1863 739 357 1618 255 487 629 59 229 946 754 184 1003 2102 1863 2103 2104 2105 334
T188	194 85 1714 2106 2107 1871 193 1897 1458 167 1904 194 85 1531 254 1304 427 2108 381 1638 864 2109 1422 85 1501 2110 381 592 2111 2112 1714 1340 194 381 2113 2114 2115 86 862 1844 2116 300 194 85 2117 2118 2115 1904 595 2119
T290	198 1046 359 364 197 187 1056 971 1332 187 2120 1145 1548 656 606 340 114 1714 2121 749 606 197 1433 2122 1252 2123 1918 359 364 1090 187 1056 971 340 2124 1918 258 2125 426 197 2126 1714 97 340 1436 1044 771 187 1691 90
T243	795 602 580
T38	753 882 1499 314 342 1876 332 310 2127 482 121 2128 2129 2130 576 59 2127 2131 1001 870 482 361 2129 2130 59 2127 1077 2129 2130 2132 2133 2134 828 203 512 260 229 92 93 81 203 2135 1079 505 332 2136 83 1095 2137 2133
T39	753 882 1499 1570 342 1876 332 840 18 2138 1876 332 239 1067 515 350 871 799 496 840 2139 2140 59 2141 799 840 515 1067 799 997 515 239 1067 1996 799 2142 18 2139 2140 59 840 610 196 756 83 997 338 799 840 515
T36	2143 209 1659 229 607 195 2144 2145 910 2146 179 2147 179 2144 2145 2148 630 2149 2150 2151 2152 1560 2153 1324 2154 179 2155 179 1831 1831 910 2156 1493 1085 101 2157 2158 2159 2160 2161 2162 481 2163 2164 2165 363 709 2166 734 1604
T37	2167 2168 2167 2168 2169 2170 2171 498 343 592 1135 2172 2173 2169 92 2174 769 1727 744 2175 2176 1641 1642 59 387 2176 2177 267 2178 2176 2179 1641 2180 2169 2172 782 2181 2182 2183 2184 2184 2185 2186 2187 2188 1925 2189 2190 2191 972
T34	49 2192 2193 475 2170 211 2194 2195 339 340 279 1758 136 1001 68 1737 2196 1414 482 487 488 217 479 480 2197 2198 1422 148 2199 2200 1148 1641 1642 580 114 640 2201 609 1549 2202 1206 372 2203 179 683 277 229 607 2204 1256
T35	1560 255 1578 501 871 2205 1082 1604 1560 255 750 1913 1480 255 2205 871 349 121 725 1878 1560 255 1578 501 2206 121 1337 203 1337 203 1170 501 1561 626 1560 1604 202 425 871 593 587 255 195 1560 255 750 1067 2207 744 255
T32	626 1604 372 2003 649 2003 1604 1604 93 855 1829 39 1657 958 763 2208 734 2204 2209 2003 286 928 374 2210 2211 1480 2212 2213 999 2214 2134 2215 186 2216 2217 2218 874 1394 1765 865 2219 700 298 427 593 2220 68 101 2055 2213
T33	1255 2221 1604 1876 870 1914 2222 1289 504 2223 2224 607 2225 2131 2226 710 2227 2228 626 1572 626 2006 734 910 186 1604 372 1603 1604 781 626 72 1480 390 2229 1426 57 998 2228 1426 809 1914 626 870 1913 2230 1426 2229 1604 626
T30	626 1604 372 286 1756 22 286 626 756 720 964 1570 1571 425 1714 1433 1570 2231 1571 1659 756 720 1637 2116 1521 1249 863 114 756 286 2232 2233 532 2234 2112 1637 1480 342 85 114 314 2231 2233 532 230 1398 230 823 629 114
T31	626 1604 372 501 336 501 1561 2235 2236 2237 773 2238 2239 584 773 2240 2241 1572 2242 2243 544 2244 2245 2246 1584 626 196 415 755 626 196 1604 501 336 72 72 1385 1604 626 756 2247 1079 2248 84 38 1606 2249 2220 1433 1714
T284	1751 68 2250 580 1753 224 76 173 340 337 340 89 195 1751 68 626 2250 644 282 2250 83 340 217 68 118 1754 68 1010 1116 1755 581 1756 22 1036 1090 1433 580 114 868 257 180 2250 1127 2251 257 635 2250 84 230 83
T250	580 580 491 583 584 491 585 586 580 491 583 584 491 585 586 580 587 588 589 590 590 591 580 592 593 594 593 594 595 580 596 594 597 596 594 598 599 196 593 600 601 594 593 600 601 594 595 596 594 127
T208	340 2252 217 22 2253 1000 485 486 114 85 217 151 83 485 486 359 2254 217 779 333 2255 2255 468 175 2256 151 23 859 2045 333 485 333 1002 2257 485 502 114 196 83 811 139 114 85 173 217 1000 485 486 24 811
T209	2258 2259 881 2075 84 195 83 2260 1570 1092 173 1369 731 737 1737 1177 196 737 1737 805 2261 2075 1177 196 1428 1427 111 1177 196 1095 2138 2262 83 866 1428 2263 111 1177 196 214 187 2264 2265 1428 2266 1417 1411 111 508 1132
T202	1950 114 85 737 1114 223 1951 340 11 2267 1953 228
T203	194 85 2170 85 2268 756 1618 1619 281 114 85 85 2268 525 2269 84 2269 86 148 2270 1254 255 2139 488 2270 1003 2139 488 2270 194 85 2170 2271 2272 2270 194 85 2170 76 85 2268 194 85 2170 173 194 85 1618 1619 90
T200	74 204 214 62 2273 2274 192 193 2275 194 2275 114 85 197 195 192 193 194 85 195 196 2276 197 1626 588 1219 2273 2274 192 193 2275 2277 194 2275 266 2278 807 738 821 257 2279 68 340 2280 229 2273 2274 2275 2281 807
T201	85 1880 2045 793 96 96 1876 332 114 2282 217 197 195 340 2283 114 2282 616 361 2008 1345 1727 1687 306 425 332 2284 84 2008 710 1441 84 1564 814 1570 710 964 964 1841 756 1431 1565 340 608 2285 2283 83 2130 2286 2008
T206	2287 2288 1785 2289 2290 2291 2292 344 2293 18 2294 2295 195 2296 2297 179 2298 2299 2300 2301 902 195 98 1024 2302 2303 1780 2304 179 17 2305 194 2306 98 2307 2308 2249 1390 18 17 187 779 316 2309 960 2310 2311 2312 2313 951
T207	1089 1853 65 2314 750 1066 40 1427 2315 2316 1089 1853 1695 2317 2318 1714 59 2319 168 2320 591 1900 1436 205 2321 279 168 193 2322 2323 1089 1853 1695 2317 1714 847 1384 229 596 1853 85 195 1764 1853 85 2106 591 1089 1853 1695
T204	223 2324 340 11 87 2325 228
T205	1049 217 2036 779 764 114 2282 217 2036 779 810 599 355 1049 18 1259 85 1066 62 2326 2327 2259 2328 1458 1454 2326 107 2326 814 728 1087 1758 1162 1437 1049 2329 1758 2330 22 2331 85 1066 2332 1843 2333 428 22 2331 2326 1647
T252	583 585 196 586 580 587 588 589 590 590 591 580 592 593 594 593 594 595 580 596 594 597 596 594 598 599 196 593 600 601 594 593 600 601 594 595 596 594 127 596 1340 600 601 594 599 196 593 2334 594 2334
T289	229 795 1665 279 229 607 195 608 1565 2335 1430 480 180 229 795 1665 340 1694 1694 2336 2337 2337 282 1694 2338 2339 77 2340 282 1694 2341 2006 2342 282 1694 2213 1196 77 2343 282 1694 2344 2345 2346 2347 2348 2349 282 1694 747
T186	2350 194 85 215 195 194 85 2350 85 195 194 85 1070 900 2351 2352 1115 823 737 1114 335 1710 231 594 212 195 766 767 196 971 195 40 68 195 616 1066 761 95 2353 504 1414 89 716 173 1414 2354 74 2355 2281 2356
T223	482 873 84 748 873 255 2357 1696 1704 1086 2358 763 2358 1140 2252 1625 229 79 926 905 82 482 76 873 255 84 748 1254 255 2359 2360 2195 255 211 310 255 211 866 1127 209 878 2361 2362 2363 2364 255 2365 1256 255 878
T218	255 256 257 258 280 258 101 280 280 260 258 101 1251 46 716 76 255 59 1254 2060 2213 255 47 229 1414 135 811 1882 426 1436 2366 280 2367 255 1254 76 76 1254 255 2174 255 59 76 2368 278 279 259 46 258 101
T277	114 759 260 1710 337 1090 90 1973 1129 1710 337 1090 90 86 114 759 2369 229 607 2370 910 186 2371 1831 716 716 284 22 716 559 22 2372 2373 1770 90 744 179 1073 508 2372 2373 816 224 457 260 768 284 22 179 1073
T276	340 1036 337 260 1710 337 1090 90 1973 1129 372 1710 337 1090 744 1973 1036 340 337 580 580 795 880 1187 880 823 934 223 340 372 2374 1800 2375 2376 340 795 1010 756 1111 580 378 863 2377 1948 609 580 880 284 22 880
T215	255 256 1045 255 256 1045 180 255 1259 700 255 255 255 1518 2378 1083 271 700 1145 1050 300 303 260 1668 255 271 1844 308 255 705 266 255 271 272 273 274 303 255 255 303 231 177 1750 344 306 636 255 1256 255 177
T214	255 256 258 101 255 256 257 2379 2380 1434 1398 255 256 258 101 1415 260 77 47 259 46 1416 278 351 280 350 255 469 354 258 357 2381 357 1435 173 47 46 1416 278 173 47 1440 1414 135 47 2382 811 340 1436 2366
T49	2383 86 2384 24 470 593 1664 340 868 114 756 2385 24 2386 515 86 2387 2384 470 1390 83 283 2388 2389 2390 1839 1493 279 2391 56 2392 2393 2394 2395 84 430 1626 836 2396 44 2388 546 2397 2398 593 747 2399 2385 2400 2401
T48	114 759 756 1599 79 247 2402 617 728 612 405 2403 2097 151 1195 2404 1765 2405 96 2406 187 768 412 2407 239 1111 763 764 498 765 766 767 479 759 1599 2096 2097 711 701 1195 2404 189 239 1111 763 764 498 765 766 767
T211	781 2408 2409 171 128 1726 623 128 151 194 85 101 1867 151 2410 194 85 2411 2410 194 85 2411 2410 194 85 2411 2410 194 85 2411 2410 194 85 2411 2410 194 85 2411 2410 194 85 2411 2410 194 85 2411 2410 194 85 2411
T210	1017 194 85 362 106 1017 59 581 1483 425 84 85 210 1049 2412 2413 84 85 210 1049 1049 1034 488 210 194 85 1017 194 85 198 2414 194 85 2415 2118 194 85 1017 194 85 1045 198 2416 85 902 2117 2417 85 1985 1964
T168	25 3 26 1 27 29 7 12 30 9 31 32 33 34 35 36 35 2418 2419 2420 2421 28 381 1127 1042 840 69 168 2422 2423 2418 20 2424 2111 197 973 2418 20 35 129 1332 2425 119 2426 214 2427 2428 2424 2429 2430
T199	291 194 85 1606 291 194 85 1606 223 2431 340 2432 84 2433 2434 2434 173 228
T43	329 2405 725 537 329 568 1599 114 759 336 1739 84 836 339 340 341 1078 773 151 537 329 568 1599 759 2096 2097 2435 63 52 387 90 487 469 765 2405 60 1599 2097 532 2357 2436 763 764 498 765 766 767 2437 2438 1253
T42	1135 1130 195 2439 873 99 728 2097 2440 528 2405 765 151 329 2436 763 764 766 767 617 728 710 79 2441 2442 114 759 479 759 1599 2096 2097 701 2443 352 196 2444 528 2405 765 151 568 537 329 773 763 764 498 765 766
T41	725 537 329 2445 725 537 329 568 1599 114 759 336 1739 84 836 339 340 341 1078 773 151 537 329 568 1599 759 2096 2097 2435 63 52 387 90 487 469 765 2405 60 1599 2097 532 2357 2436 763 764 498 765 766 767 2437
T40	537 329
T47	2383 86 2384 24 470 593 1664 340 868 114 756 2385 24 2386 515 86 2387 2384 470 1390 83 283 2388 2446 84 430 2446 1626 836 2389 2390 44 2392 2394 254 2396 44 2388 415 2447 2448 912 2385 2400 2401 2449 2386 515 373 470
T46	191 593 1664 340 868 114 756 2385 24 2386 515 86 2387 2384 191 1390 83 283 2446 1626 836 2389 2390 86 1839 1493 279 1533 2388 2392 2394 2395 84 430 2396 44 2446 1626 836 2450 2451 2399 2385 2446 1626 1247 2401 2449 2386 515
T45	2383 86 2384 24 342 593 1664 340 868 114 756 2385 24 2386 515 86 2387 2384 342 1390 83 283 2388 2446 84 430 2446 1626 836 2389 2390 2391 56 2392 2394 2395 86 1839 1493 279 2396 44 2388 2452 2453 2454 593 1664 2399 2385
T44	2405 1772 1564 725 537 329 568 1599 114 759 336 1739 84 836 339 340 341 1772 1564 2405 765 1078 773 151 537 329 568 1599 759 2096 2097 2435 63 52 387 90 487 469 765 2405 60 1599 2097 532 2357 2436 763 764 498 765
T116	2455 1078 342 2455 1915 710 199 22 1146 1186 1186 2381 345 704 260 2456 1146 1186 928 1519 1502 1450 2457 254 1511 1512 1513 1505 1514 1515 1516 1508 1517 762 1518 1514 298 1382 1519 1502 1520 1375 1279 2458 681 1264 2459 2385 1505 56
T117	2460 2461 2460 2461 1603 2462 2463 2460 2461 1603 2462 2463 2464 2465 373 2466 2467 355 2468 1110 2464 2465 2460 2461 1603 1044 101 599 1110 2469 2460 2461 1603 2462 2463 1110 1865 373 2470 234 121 809 812 489 2471 2472 2471 2460 224 2473
T114	607 501 72 1559 747 2474 881 747 76 82 2475 864 2474 861 2474 1398 2474 747 99 885 100 747 1710 2475 1541 2475 2474 195 1913 2476 2477 2478 187 2479 2480 195 378 2126 1860 2481 485 83 2482 195 871 885 100 2483 607 1211
T115	168 2484 749 168 2484 749 1267 2485 1806 2486 761 121 187 2485 1806 761 121 2487 2488 1054 719 821 359 747 2485 2489 2490 76 2491 2492 76 2493 2494 2495 1206 2496 76 747 2497 2498 2107 610 115 2499 747 2485 258 610 2327 2484
T112	1890 212 880 680 1890 212 189 94 217 1300 335 2500 932 99 83 2501 1989 475 749 361 2502 177 83 775 85 722 775 85 885 100 1267 880 775 85 2503 2503 1416 57 984 880 180 340 756 775 85 2504 85 1053 868 1859
T113	1041 749 94 210 868 1041 749 1952 94 210 868 2505 1041 749 1878 94 509 2506 870 2507 1325 1001 649 90 1167 2508 888 79 756 1444 210 76 878 2509 1603 1431 74 470 170 2510 203 700 1618 2511 1000 1726 1878 2512 182 204
T110	2513 1167 99 728 1267 114 196 195 328 1481 1301 2514 2515 1111 617 728 2231 2516 1301 1481 2517 1500 2518 421 227 2519 2520 1584 2458 2521 1167 106 2232 2522 2520 2523 1474 1301 328 1481 701 2524 320 781 1267 421 227 2519 2520 1584
T111	2525 71 229 1431 2098 2526 868 1444 2098 2526 868 681 2527 1384 868 115 257 71 286 1549 2098 2526 589 97 83 313 106 1473 110 2528 257 2529 110 2530 1549 1339 870 257 110 2531 2532 340 110 2533 2040 110 1267 340 110 2534
T279	2535 1270 2536 1462 625 580 1368 114 1249 223 2537 224 82 78 344 1045 2538 810 486 1257 177 1113 231 1002 2537 76 2535 1270 2536 1462 625 580 1368 2539 753 882 1368 2535 1270 2536 1462 625 580 826 905 199 22 173 114 1249
T118	594 519 1017 747 2540 1702 1539 823 337 2540 1702 82 177 975 82 89 195 82 2541 77 76 594 519 260 384 525 83 836 747 2540 519 2540 519 97 747 335 1710 2542 608 2540 2543 526 649 224 1017 594 180 1673 1116 1001
T119	2540 519 97 1539 823 337 2540 1702 82 177 975 82 89 195 82 2541 77 76 747 337 2540 519 97 2540 519 97 1034 1881 519 258 68 381 2544 217 563 217 1127 1380 1270 861 1702 110 2337 18 59 519 2545 68 2546 88
T174	194 85 737
T175	1420 1421 756 1093 1422 194 85 194 85 1113 1420 1424 85 195 756 1093 1422 194 85 90 101 85 1045 1425 1113 84 1374 1093 85 1093 85 76 173 1421 76 173 82 1421 77 90 101 1425 85 1113 84 1426 1427 41 1234 813
T176	1420 1421 756 1093 1422 194 85 1423 85 90 1113 1420 1424 85 195 756 1093 1422 194 85 2547 2548 2549 510 1093 85 76 173 1421 76 173 82 1421 77 90 101 1425 85 1113 84 1426 1427 41 1234 813 41 85 1637 72 100
T177	1420 1421 756 1093 1422 194 85 2415 85 1113 1420 1424 85 195 756 1093 1422 194 85 90 101 85 1045 1425 1113 84 1374 1093 85 1093 85 76 173 1421 76 173 82 1421 77 90 101 1425 85 1113 84 1426 1427 41 1234 813
T170	210 84 85 197 168 101 168 17 87 183 74 229 210 84 85 197 168 114 85 197 195 1003 168 196 101 168 17 87 183 74 229 1115 101 168 17 87 1034 488 84 85 1349 1894 18 168 212 1089 1003 168 196 2550
T171	422 1386 563 1900 2172 2551 1879 1386 563 1900 2172 2551 1879 934 2552 16 224 2172 2172 939 422 104 1083 1426 2553 350 1226 38 2554 2555 2556 2430 0 3 2557 2558 546 179 2559 2560 2561 566 2562 415 575 415 179 2563 2564 2565
T172	1386 16 2566 2484 1907 2323 1566 16 2567 199 22 469 2568 611 351 1111 475 593 2569 1435 229 1387 2570 3 611 1049 351 229 16 107 1386 1370 1089 16 1661 14 2571 1049 189 2572 2573 229 1387 2570 3 2568 1 2574 1078 610
T173	2575 1349 779 1350 971 2576 975 173 333 2577 2578 2579 372 1765 1471 86 359 1471 1086 341 1183 2580 2581 1857 359 975 177 975 177 359 2577 2578 2579 372 2582 563 1702 502 194 85 215 359 1566 41 217 1873 2583 975 2033 2368
T178	180 881 90 2584 229 194 85 1471 2585 2584 1046 2047 85 83 85 230 85 1066 1113 82 581 2584 229 194 85 1471 2585 1113 933 223 2585 737 79 83 2586 608 2587 2588 2589 2278 1011 2589 559 2589 285 805 229 194 85 1471
T179	337 888 1332 203 779 74 1357 196 2254 337 888 1332 203 999 106 429 2130 205 888 779 428 888 74 2518 429 2590 1325 2591 779 74 2592 485 975 2592 2130 2590 204 205 2593 217 753 337 2594 68 205 1115 863 2595 1881 1872
T288	1567 2596 1414 1567 2597 490 1362 1000 487 2170 725 2598 2599 2600 1087 231 2597 490 750 88 1890 167 260 2596 255 90 2598 1567 2368 1720 2601 605 634 2602 114 759 759 786 787 787 563 339 340 487 488 217 482 2603 244 2603
T58	228 1798 1077 223 2604 743 224 1852 1798 2605 228
T59	2606 151 181 1065 2607 82 2608 2606 151 1079 84 98 1260 484 151 1095 1077 2608 2609 1398 2610 603 171 2611 2612 2613 2612 2303 2612 2614 2612 546 2612 546 2612 572 2612 2340 2612 2615 2612 2615 2612 2616 179 2612 1078 663 2612 2617
T262	341 759 494 484 606 490 617 728 341 759 494 484 606 490 2618 1246 2619 2620 804 2621 2103 2622 840 602 605 489 94 1092 479 480 341 701 182 484 187 2623 1010 387 1917 1090 2624 606 484 581 606 1462 1540 2625 836 359
T263	2535 1270 2536 1462 625 580 1368 114 1249 223 2537 224 82 78 344 1045 2538 810 486 1257 177 1113 231 710 2537 76 2535 1270 2536 1462 625 580 1368 2539 753 882 1368 2535 1270 2536 1462 625 580 826 905 199 22 173 114 1249
T264	2626 2627 2628 84 411 2629 143 2630 2631 826 905 2632 2633 2634 198 1104 2635 2636 58 2626 2627 1836 2637 1742 2638 2639 2640 2641 2642 1143 2643 2644 2080 1453 339 340 680 2645 2646 1104 2647 1860 684 2648 2649 2650 2634 2651 2652 489
T265	2535 1270 2536 1462 625 580 1368 2539 753 882 1368 2535 1270 2536 1462 625 580 826 905 199 22 173 114 1249 1116 95 196 2653 2432 2535 1270 2536 1462 625 580 1963 2535 1270 2536 1462 625 580 2654 1247 2655 2656 580 1562 2657 195
T266	229 882 795 1077 180 1073 508 339 340 114 759 229 607 195 229 882 795 1077 1073 1080 478 608 477 479 480 231 508 1081 1082 1083 1084 1085 229 607 195 229 882 795 1077 478 756 478 378 1086 2658 608 477 479 480 1111
T267	1151 2659 77 606 2660 2624 709 2661 2662 680 868 187 2663 261 2664 885 77 79 229 607 195 475 612 1151 2659 77 606 340 151 231 373 799 1780 2347 2665 2666 2667 716 608 602 1471 2626 2668 1780 2669 2670 761 2671 2672 1136
T50	2673 1433 776 1433 76 2673 776 2674 72 649 229 1329 779 2673 773 2675 663 2673 776 2676 2677 2678 461 2679 2680 2681 2682 2683 457 2684 1732 2685 2686 2687 2688 2689 247 179 2690 2372 2691 1210 2692 2614 416 301 229 1329 779 768
T51	2546 469 229 487 96 203 1895 139 2693 173 810 2694 1858 2546 469 229 487 96 203 1564 336 90 761 762 1977 1896 204 1441 313 191 479 480 2695 926 59 336 90 212 2696 63 881 934 223 213 2697 224 204 761 173 246
T52	753 1864 2698 1100 329 87 335 90 1864 1460 1289 1316 750 335 1316 750 1 260 1100 329 2698 1316 750 1 260 502 1864 1460 1289 1316 750 79 83 1100 329 2699 224 1029 1727 1460 1348 107 2172 1113 2700 868 2543 588 593 1664
T53	2701 329 2701 329 818 113 101 16 87 229 16 107 229 107 85 863 1565 61 421 382 921 922 284 559 2702 2703 236 224 2661 2701 329 1770 818 113 502 1259 256 2704 922 1511 2705 44 2706 2633 489 87 95 2707 2708 1512
T54	920 336 2709 332 72 191 2710 1405 1559 920 336 2709 332 2711 2710 2712 2713 2710 1405 191 425 776 106 2709 1562 544 2714 773 2715 1562 2716 2717 635 1562 2718 635 1562 2719 2517 556 2720 339 340 1842 858 2721 2709 1562 2722 179
T55	1599 2097 2723 491 352 2724 2725 2614 2692 755 1599 1493 2726 114 759 756 1599 617 728 1497 79 247 2402 1599 2097 2723 491 352 2724 2725 2614 2692 755 1599 1493 2726 479 759 1599 2096 2097 701 2723 491 352 2724 2725 2614 2692 2357
T56	228 900 508 508 608 151 2727 329 421 2092 2728 223 2604 743 224 1852 1798 228
T57	114 340 479 510 2729 341 1564 759 1599 2730 2097 2729 341 1564 759 1599 2730 2097 2730 58 358 810 2261 491 352 2730 1599 759 2096 2097 1002 341 1564 358 2731 2098 341 840 387 90 336 2732 2733 1002 897 2572 1696 2734 57 1964
T101	1731 94 589 99 83 340 174 187 83 2735 485 197 90 1255 60 77 232 1167 196 594 589 1044 1731 167 525 587 1003 2736 868 187 771 704 41 1234 84 167 525 79 771 704 1267 1266 2737 2738 2739 380 728 2740 489 1167
T100	178 1690 1711 1690 1711 187 1694 1695 530 1402 735 1696 606 1697 635 1698 764 1699 1700 1701 1403 1702 1278 1703 1404 1405 716 111 580 993 281 1400 1406 1704 1705 1706 593 646 593 1707 593 1708 593 1664 1086 1105 1086 2358 1267 2741
T103	1264 187 1297 1297 1264 258 1393 83 814 2503 425 258 999 58 2038 195 745 589 2742 115 257 1264 2038 920 336 2743 776 336 532 1736 282 239 1878 266 515 1880 2744 210 211 300 2745 282 2038 1626 469 1083 100 1450 258 1452
T102	519 589 197 195 1501 195 501 85 114 197 195 756 1093 750 744 197 195 519 589 197 195 1070 85 197 195 197 195 519 589 519 187 1411 865 589 700 1351 68 180 2746 187 865 519 581 68 519 589 1871 168 194 85
T105	1267 1851 2006 2747 380 1267 1851 2006 2747 380 2231 1915 2658 2748 2749 101 337 2126 1474 1267 1301 1302 1298 2750 2751 1111 1301 756 1851 338 2273 2752 1267 1851 76 2753 776 380 2006 2747 2645 179 2754 2755 645 282 2756 339 340 890
T104	747 2757 2038 519 589 656 519 589 1736 1264 1859 519 2022 82 582 1419 747 2757 1736 519 187 1264 57 187 83 2758 1727 747 2757 1736 519 187 1049 187 1032 589 748 68 1305 184 519 738 283 747 2757 1736 187 211 519 755
T107	2759 187 1440 82 1390 1267 340 607 519 187 519 1682 738 340 607 1267 1411 2760 693 2761 589 2762 387 519 700 946 427 1267 340 607 187 1037 2763 2571 519 755 607 335 63 2424 2033 1267 340 607 519 187 1411 1017 195 807
T106	1298 2753 1093 1267 1093 2006 2747 617 728 1605 342 531 1298 2753 1093 1267 1093 2006 2747 1474 2764 1301 1302 1298 2753 1093 1267 1093 2006 2747 520 2765 586 195 1267 1451 946 1267 424 2766 586 794 1093 1298 1514 840 2032 1305 2170 864
T109	2767 1857 1765 865 2006 2747 539 2768 1732 2769 2372 2770 2771 2772 2773 2774 2775 2776 2777 2778 1732 2779 410 2780 2781 1591 2782 698 2783 2725 2784 1394 195 2785 868 95 1116 100 581 357 357 217 525 1797 1390 1066 99 711 84 519
T108	747 1675 747 1675 1681 1682 1683 519 76 79 100 82 77 232 521 1264 76 1677 380 1678 83 100 258 1679 115 1680 99 1264 1681 1682 1683 519 1684 847 1264 101 594 589 629 1264 128 1264 1685 1686 1687 1264 1675 1676 519 589
T167	919 2430 180 2786 1955 2787 180 182 919 168 182 1758 1003 168 196 101 168 17 87 934 223 172 224 183 16 228 83 1568 168 180 172 182 59 2115 16 168 180 2788 1067 2789 151 944 151 180 1441 1886 1017 49 2282 16
T166	16 0 3 2790 187 229 107 85 229 16 107 229 16 107 0 3 868 1435 16 0 3 1955 16 0 3 1259 2791 2792 2793 2791 2794 258 581 2795 1053 16 0 3 946 836 351 38 488 2796 971 351 3 610 807 359
T165	236 1061 87 2797 2798 1564 758 85 336 840 2042 761 762 1977 2799 204 313 1092 2695 926 59 336 840 2042 212 2696 63 881 934 223 213 2697 224 204 761 337 926 756 479 2800 2801 975 337 926 756 1537 2802 2697 224 284
T164	229 107 85 230 231 77 232 78 89 233 23 234 121 235 58 236 230 237 238 101 239 240 241 242 230 243 244 108 230 82 230 121 2803 2804 23 12 2556 2805 1079 2806 49 78 231 58 509 236 2807 212 58 2808
T163	18 12 2809 222 355 223 172 224 225 226 14 222 228
T162	221 12 156 220 917 223 172 224 225 226 14 222 221 924 510 2810 228
T8	1560 255 1578 501 1560 255 1578 501 871 2205 1082 1604 1560 255 750 1913 1480 255 2205 871 349 121 725 1878 1560 255 1578 501 2206 121 1337 203 1337 203 1170 501 1561 626 1560 1604 202 425 871 593 587 255 195 1560 255 750
T9	1557 1558 1559 626 1560 501 1561 1545 72 1570 1562 1563 1564 1565 773 405 1595 1596 720 72 964 1079 425 1586 501 1561 776 405 1595 1596 1585 419 1587 1588 1589 1590 1591 1592 1586 626 744 1597 1598 1369 1599 501 1561 2811 2812 425
T6	809 795 1560 510 1045 508 1878 2512 2813 150 1955 173 2814 2815 508 235 235 235 1972 749 1560 213 1493 2816 863 2817 1795 2818 2816 416 405 2819 2820 476 2821 2822 715 633 2823 2824 2825 2821 476 2816 715 409 1583 2821 2822 2821
T7	2826 255 1617 1617 626 1560 626 1604 1617 2827 282 678 1751 580 1896 710 626 1560 626 1604 203 1058 501 1561 121 2733 626 72 2828 1337 260 1878 488 255 90 626 1604 2829 626 1560 626 1604 2830 2831 426 626 312 2832 2833 255
T4	879 1089 490 24 490 151 490 24 2834 626 1844 2195 765 372 490 1902 151 2834 626 1844 2195 765 873 1086 1829 340 372 231 2834 373 475 191 2546 508 2835 2177 765 488 2195 605 750 1659 2836 2837 357 2838 755 2839 1383 875
T5	879 1089 490 24 490 151 490 24 2840 626 1493 2404 2841 372 490 1902 151 2840 626 1493 2404 2841 873 1086 1829 340 372 231 2840 373 475 191 2546 508 2835 2177 765 488 2195 605 750 1659 2836 2837 357 2838 755 2839 1383 875
T2	879 2842 90 750 339 1135 1130 195 180 879 2842 90 750 339 339 22 339 151 340 716 232 479 282 2843 209 2844 2842 2845 2846 2847 209 2848 2849 2850 2851 2852 2849 2853 2854 1659 2853 1246 2855 209 2856 1077 2849 2857 2858 2859
T3	236 99 728 626 72 42 43 44 87 609 372 229 107 85 229 101 42 43 44 2860 617 728 2231 470 1069 79 2861 1954 2860 494 2862 626 72 42 43 44 87 609 372 229 101 42 43 44 236 2863 2864 2865 67 101
T0	626 2866 1604 372
T1	1045 18 373 2226 1604 182 626 1876 870 1914 626 696 512 2226 57 870 1337 260 512 626 1572 175 1876 870 1914 2734 57 361 182 2867 1637 1362 2868 626 72 1876 870 1914 1913 1480 781 626 72 489 2734 57 756 470 576 175
T260	816 1213 1214 76 173 873 340 1213 90 1695 873 2869 229 607 195 816 2870 1695 1695 229 607 2871 2872 2873 2874 554 2875 229 795 607 1695 340 217 1695 490 1169 1695 114 387 90 868 107 110 1695 1160 1169 1095 1070 57 1046
T261	795 2876 187 654 795 880 795 2876 187 810 173 2877 2878 150 795 2876 2879 747 2876 231 811 146 2541 180 143 425 2878 1074 1041 180 150 2876 302 2880 795 2876 705 654 795 880 705 2876 187 302 2880 2876 2217 1977 302 2880
T269	1370 603 604 605 2881 605 1370 605 602 605 1780 693 2882 1831 912 2883 605 960 1399 1697 605 912 752 2884 605 912 2885 2886 2887 605 372 1429 2888 1196 2064 752 1 605 603 604 605 2885 2886 2887 2881 603 604 605 610 1480
T256	993 180 1539 174 1851 680 490 230 204 230 204 1089 2889 101 521 229 174 180 993 2890 1089 2891 993 2892 1136 2893 958 1194 993 110 114 680 54 2894 2895 2896 958 2897 101 1471 2898 614 200 630 734 602 1206 958 2669 179
T273	351 381 588 1626 2017 503 2899 2306 1431 50 1626 588 85 195 87 351 180 2900 2901 593 2902 67 101 479 608 186 609 580 2903 2904 880 85 38 1243 114 2172 167 340 735 1141 2905 1183 1720 2906 735 416 2907 110 1703 67
T272	482 2161 2908 607 873 593 2902 2357 606 716 580 593 646 1245 1246 2283 1625 229 1255 60 79 926 905 82 482 76 482 593 2902 1045 68 46 607 482 2161 76 78 1045 99 100 649 90 2909 755 749 94 868 46 68 607
T271	2910 761 795 1089 863 279 1046 49 1177 344 1177 926 2911 2912 230 204 230 204 2913 87 87 101 76 1046 49 344 1177 180 808 344 180 808 900 1045 926 800 173 87 881 173 230 204 173 2914 2915 761 2910 761 795 1089
T270	229 882 795 1077 180 710 339 340 114 759 229 607 195 229 882 795 1077 910 186 1086 2658 476 477 479 480 1111 229 607 195 999 711 515 425 271 229 882 795 1077 83 79 2916 2917 2589 559 179 1073 2916 2917 816 224
T69	810 49 975 2918 2919 74 810 49 975 2920 228 934 223 816 224 934 223 387 816 224 934 223 816 224 1044 934 223 816 224 78 228 2921 934 2922 2923 1857 2924 2356 229 607 195 2925 610 101 2926 2525 14 934 223 816
T68	365 366 367 329 271 2927 1289 721 370 123 365 371 2928 2929 2930 2931 2162 2932 2933 2931 373 1062 2516 376 366 367 329 271 2927 1289 721 121 2928 2934 2934 2935 2936 2238 2932 2937 74 368 378 379 380 381 326 382 380 1882
T275	602 605 812 610 603 604 605 750 204 202 229 603 604 605 750 488 794 605 2938 18 593 753 490 619 620 1606 1460 2939 2481 70 603 604 605 605 613 1011 2600 2877 794 387 1090 629 1096 229 603 604 605 750 605 613
T274	2535 1270 2536 1462 625 580 1368 114 1249 223 2537 224 82 78 344 1045 2538 810 486 1257 177 1113 231 710 531 2537 76 2535 1270 2536 1462 625 580 1368 2539 753 882 1368 2535 1270 2536 1462 625 580 826 905 199 22 173 114
T65	72 1369 913 2405 765 2940 871 72 1369 913 2405 765 2940 871 373 151 2941 1181 1001 457 2942 2590 2943 2944 2945 890 2946 494 2947 2948 2949 2950 482 96 2951 2952 890 2953 836 457 551 2405 1550 2954 2696 1130 94 2955 2956 229
T64	72 1369 913 2405 765 2940 871 582 2590 76 2957 2958 2959 1429 761 76 239 756 491 77 82 2590 1113 1114 79 2590 491 485 485 975 1000 485 1914 728 753 744 491 744 2004 756 753 1348 744 217 2960 756 753 2961 96 2962
T67	2757 84 230 231 121 2963 433 23 544 329 433 2963 233 2757 224 82 433 433 525 433
T66	725 1915 179 1073 725 83 58 2964 2097 2405 515 779 1915 479 341 1302 2964 701 1251 759 1599 2096 2097 171 131 779 515 2405 765 490 2965 728 1461 196 2730 1111 1135 1130 195 2966 286 72 2964 2658 2097 2967 196 528 2405 490
T61	2729 2097 897 1564 1093 1002 2725 2096 2097 1599 759 2729 1564 341 840 387 90 336 2436 341 450 2968 2969 2968 1878 1564 2970 70 2725 2096 2097 1599 759 756 1599 759 2320 1305 84 2971 753 337 1599 2972 2973 2217 1442 229 1493 1599
T60	187 195 187 195 76 1404 2974 680 880 920 501 2975 2976 416 2977 1210 494 2978 562 2979 2980 2981 415 329 457 2982 2983 2984 415 1693 2985 457 1612 2986 1612 2432 551 566 537 416 680 1420 224 187 76 228
T63	365 2987 2988 2546 329 370 123 365 371 2989 365 2990 2931 373 2991 2992 376 2987 2988 2546 329 121 2993 2989 74 368 378 379 380 381 326 382 380 2994 1188 232 2995 386 721 2996 2094 2997 132 2998 2987 2988 388 2999 1041 2988
T62	72 1369 913 2405 765 2940 871 77 82 2590 1113 1114 79 2590 491 485 485 975 1000 485 1914 728 753 744 491 744 2004 756 753 1348 744 217 2960 756 753 2961 96 2962 501 820 203 2260 756 83 997 338 2943 196 997 1963
T181	194 85 90 194 85 90 847 1874 847 1874 3000 426 738 3001 1624 3002 194 85 350 194 85 568 3003 581 3004 194 85 195 999 3004 2914 1534 195 1057 426 194 85 195 999 1449 1534 195 90 581 194 85 283 180 281 282
T180	114 85 197 195 84 85 195 192 193 194 85 195 196 101 192 193 62 101 194 85 195 563 1617 229 101 194 2306 192 193 2038 971 748 3005 750 751 23 2273 2274 3005 101 1325 1001 3006 3007 1357 2940 1325 233 753 754
T183	194 85 737 1114 173 59 3008 3009 173 3010 146 3011 3008 2170 146 957 502 737 1114 1114 2252 340 337 142 1258 525 340 881 77 2009 2252 114 85 194 85 502 3012 734 1565 3013 3014 79 1392 340 3014 1953 939
