T224 6 0 1 2 3 4 5
T225 8 6 7 8 3 9 10 11 5
T554 3 12 13 5
T555 7 14 15 16 17 18 19 5
T552 8 20 21 22 23 24 25 26 5
T553 3 12 13 5
T222 5 27 28 29 30 5
T89 13 31 32 33 34 35 36 37 38 39 5 40 41 5
T88 10 31 32 42 37 38 39 5 40 41 5
T87 4 43 44 45 5
T86 7 44 45 46 47 48 49 5
T85 6 50 51 52 53 54 5
T84 6 50 55 52 53 54 5
T83 5 56 57 58 59 5
T82 5 56 57 58 59 5
T81 5 60 50 61 62 5
T80 4 14 63 60 5
T1983 11 64 65 66 67 68 5 14 69 13 70 5
T1982 11 71 72 73 74 75 76 77 71 78 68 5
T1981 4 24 79 80 5
T1980 4 81 79 80 5
T1987 12 82 23 83 84 24 85 86 87 88 34 89 5
T1986 7 24 90 89 88 91 54 5
T1985 9 92 13 93 3 94 23 95 96 5
T1984 11 97 98 99 100 101 102 103 104 105 106 5
T1989 7 14 107 108 109 110 111 5
T1988 7 112 113 114 115 116 117 5
T1189 5 118 119 120 121 5
T1188 4 24 122 123 5
T1183 5 124 85 125 126 5
T1182 5 127 122 128 129 5
T1181 4 122 128 129 5
T1180 5 32 130 85 131 5
T1187 4 24 122 123 5
T1186 9 132 133 134 135 136 137 103 138 5
T1185 8 138 136 137 127 133 134 139 5
T1184 4 85 125 126 5
T1055 6 140 141 142 143 144 5
T1054 24 145 146 147 148 149 85 22 150 151 21 103 152 153 154 5 85 155 156 157 158 105 159 160 5
T1057 8 81 161 162 163 164 165 166 5
T1056 10 83 167 23 141 73 142 75 168 169 5
T1051 7 24 170 171 172 173 174 5
T1050 5 175 176 177 178 5
T1053 15 179 180 181 147 5 148 182 183 184 185 186 23 147 23 187
T1052 5 24 170 173 174 5
T1059 13 188 189 190 191 192 193 194 195 196 197 198 199 5
T1058 11 200 201 202 203 49 84 65 204 67 205 5
T518 8 206 207 208 209 210 211 212 5
T519 7 207 213 214 215 216 209 5
T512 8 217 218 219 220 5 81 221 5
T513 6 85 222 223 219 221 5
T510 4 224 225 226 5
T511 8 227 224 116 228 229 220 226 5
T516 11 230 231 163 232 233 234 77 235 236 30 5
T517 6 14 109 237 232 233 5
T514 6 24 238 239 95 240 5
T515 6 24 238 239 95 241 5
T1338 10 242 30 243 244 245 246 23 247 248 5
T1339 5 243 249 242 30 5
T1330 5 250 5 108 250 5
T1331 3 250 108 5
T1332 8 127 251 252 23 65 253 67 5
T1333 4 127 251 252 5
T1334 5 254 220 255 256 5
T1335 6 14 257 220 255 256 5
T1336 7 24 258 85 36 259 260 5
T1337 5 85 36 259 261 5
T198 7 14 262 263 264 265 87 5
T199 8 266 85 263 183 267 268 269 5
T196 19 24 270 108 271 73 272 75 193 104 273 274 275 95 108 271 276 134 83 5
T197 12 277 278 116 108 271 193 271 108 279 169 83 5
T194 5 14 280 116 281 5
T195 2 281 5
T192 6 282 283 284 285 286 5
T193 5 287 288 283 284 5
T190 5 32 289 290 183 5
T191 4 289 290 183 5
T358 3 291 292 5
T359 7 291 73 293 294 75 292 5
T608 5 24 295 296 297 5
T609 14 298 299 21 261 23 300 38 261 5 301 302 21 196 103
T606 2 303 5
T607 5 24 297 295 296 5
T604 4 14 304 305 5
T605 2 303 5
T602 9 122 306 5 307 308 309 122 306 5
T603 3 304 305 5
T600 5 133 310 87 311 5
T601 4 312 313 314 5
T174 4 246 315 316 5
T175 5 301 246 317 315 5
T176 6 24 318 147 319 320 5
T177 6 24 318 147 321 322 5
T170 5 159 323 324 325 5
T171 4 323 159 137 5
T172 11 40 326 327 328 23 326 329 330 328 331 5
T173 11 40 326 327 328 23 326 329 332 328 333 5
T178 10 334 335 336 9 337 338 339 340 341 5
T179 10 334 335 336 9 337 338 339 340 302 5
T996 4 342 246 343 5
T997 6 32 344 345 346 282 5
T994 7 347 348 163 349 350 8 5
T995 4 246 343 351 5
T992 8 352 353 23 32 38 352 354 5
T993 6 349 350 355 356 357 5
T990 8 40 358 359 329 40 358 360 5
T991 4 301 361 31 5
T1428 3 362 205 5
T1429 5 363 364 365 366 5
T998 8 32 344 345 346 65 367 67 5
T999 6 50 368 65 44 5 67
T1937 7 64 369 23 370 301 371 5
T1931 5 48 372 373 183 5
T1510 9 374 375 376 357 122 377 378 379 5
T1511 7 246 380 381 156 382 383 5
T1512 8 384 301 385 386 387 388 389 5
T1513 6 32 390 387 384 183 5
T1514 5 391 124 21 392 5
T1515 5 301 391 21 392 5
T1516 9 393 394 301 395 396 279 397 220 5
T1517 10 393 398 301 395 396 279 397 399 220 5
T1518 5 400 401 402 110 5
T1519 7 127 403 404 405 406 407 5
T776 8 408 343 409 410 408 23 411 5
T777 8 246 412 413 414 415 413 414 5
T774 3 416 183 5
T775 7 69 417 418 419 420 421 5
T772 7 84 24 258 422 423 424 5
T773 3 416 183 5
T770 5 425 426 427 428 5
T771 5 24 258 429 430 5
T778 6 246 412 415 431 413 5
T779 4 432 433 255 5
T1913 4 434 130 131 5
T453 10 435 38 436 38 437 438 164 439 193 5
T1608 9 440 318 193 441 442 443 444 40 5
T1609 22 124 101 95 445 446 447 440 448 73 40 449 450 444 75 23 451 445 266 164 447 452 5
T1604 5 24 258 140 453 5
T1605 5 24 258 140 453 5
T1606 8 454 130 455 456 457 458 242 5
T1607 6 454 456 112 457 459 5
T1600 4 85 460 8 5
T1601 6 461 460 85 8 121 5
T1602 6 369 167 462 463 464 5
T1603 7 462 167 464 463 451 465 5
T675 6 466 467 468 469 470 5
T1014 5 95 471 472 473 5
T901 7 474 475 476 477 478 479 5
T98 3 50 305 103
T99 3 50 305 5
T676 6 84 24 258 480 481 5
T94 13 482 483 484 5 344 23 206 483 485 486 487 488 5
T95 6 489 490 23 491 130 5
T96 6 243 108 50 492 493 5
T97 5 108 16 492 493 5
T90 6 494 258 159 495 496 5
T91 5 159 262 495 496 5
T92 9 497 498 499 497 500 501 254 502 5
T93 7 32 384 503 504 505 506 5
T902 4 507 476 508 5
T905 5 509 510 65 67 5
T904 5 304 511 512 513 5
T671 7 32 514 301 515 489 516 5
T670 6 302 517 514 301 516 5
T1990 17 266 164 518 519 520 73 521 522 523 75 524 525 526 338 279 527 5
T1991 18 528 525 73 529 75 526 164 530 522 531 532 533 521 522 338 279 527 5
T1992 5 44 534 535 536 5
T1993 5 537 538 539 540 5
T1194 7 129 541 542 543 257 256 5
T1195 9 544 539 514 23 545 546 84 206 5
T1196 19 544 547 539 338 97 186 84 206 548 549 546 514 5 84 550 551 354 552 5
T1197 4 435 553 554 5
T1190 8 14 555 109 119 120 118 121 5
T1191 6 238 556 557 558 559 5
T1192 6 129 238 556 560 395 5
T1193 4 561 256 562 5
T1198 4 50 553 554 5
T1199 3 563 564 5
T1046 4 14 565 566 5
T1047 5 567 176 568 569 5
T1044 6 69 570 571 212 53 5
T1045 4 14 565 566 5
T1042 4 14 572 573 5
T1043 5 69 570 574 53 5
T1040 7 575 510 85 170 576 577 5
T1041 7 14 555 109 572 573 578 5
T1048 5 85 176 568 569 5
T1049 5 176 177 178 567 5
T189 5 40 579 245 580 5
T188 4 245 580 581 5
T181 13 582 167 583 355 584 73 585 586 23 587 588 75 5
T180 7 24 583 582 355 585 589 5
T183 21 590 189 591 592 73 593 75 23 594 9 595 596 9 597 84 132 598 599 210 600 5
T182 12 590 189 591 23 601 9 602 603 593 23 594 5
T185 6 24 604 296 163 605 5
T184 5 24 604 296 606 5
T187 5 475 607 608 242 5
T186 3 475 607 5
T619 6 164 609 610 467 611 5
T618 4 14 483 460 5
T349 5 612 613 614 615 5
T348 5 612 614 615 613 5
T611 12 616 617 618 619 620 164 621 469 622 81 623 5
T346 9 32 624 625 248 626 627 628 627 5
T345 4 629 630 631 5
T344 5 24 258 632 631 5
T343 5 14 69 633 634 5
T342 4 635 636 634 5
T341 13 608 246 637 638 21 639 640 641 642 23 32 183 5
T340 5 246 643 639 644 5
T167 8 14 645 646 647 88 12 648 5
T166 5 14 649 647 650 5
T165 14 132 50 128 651 556 652 23 220 38 653 103 648 654 5
T164 16 104 132 217 655 656 657 620 81 658 220 23 648 32 654 659 5
T163 8 660 552 348 661 104 662 663 5
T162 8 664 665 661 666 667 662 663 5
T161 12 14 220 32 447 65 668 669 67 670 671 672 5
T160 14 673 542 674 675 633 161 676 677 678 282 679 301 680 5
T169 7 532 681 452 682 683 684 5
T168 7 532 639 685 452 686 684 5
T981 4 687 688 44 5
T980 4 246 689 690 5
T983 1 448
T982 5 14 691 688 44 5
T985 6 29 24 692 693 183 5
T984 4 694 448 326 5
T987 3 581 524 5
T986 7 24 29 692 693 27 695 5
T989 8 40 358 359 329 40 358 696 5
T988 2 581 5
T1297 5 85 697 698 699 5
T1296 6 81 258 85 697 700 5
T1295 9 129 701 702 703 53 5 704 23 5
T1294 8 705 6 706 707 23 708 709 5
T1293 4 300 459 603 5
T1292 4 300 459 603 5
T1291 4 50 710 238 5
T1290 19 711 712 532 102 713 23 714 103 84 715 459 716 98 717 103 81 718 101 5
T1299 16 719 553 23 248 720 85 452 220 681 721 722 710 723 724 725 5
T1298 10 726 727 728 164 729 681 710 730 731 5
T505 8 732 733 21 22 130 734 735 5
T504 8 736 3 737 21 22 130 732 5
T507 4 44 738 739 5
T506 4 738 44 739 5
T501 8 740 741 742 743 23 744 743 5
T500 4 744 742 741 5
T503 6 745 746 747 748 749 5
T502 5 745 748 749 746 5
T509 5 64 246 750 751 5
T508 6 246 751 23 752 753 5
T156 4 50 710 754 5
T157 10 246 258 50 710 456 23 755 756 25 5
T761 12 757 758 759 760 761 267 762 269 164 763 764 5
T760 3 765 766 5
T763 5 422 99 95 194 5
T762 9 164 267 269 764 758 767 768 219 5
T765 5 769 770 83 220 5
T764 6 422 99 95 38 194 5
T767 5 32 771 344 772 5
T766 8 769 773 774 770 775 220 776 5
T769 8 777 778 732 273 779 5 475 5
T768 8 772 9 32 780 9 781 344 5
T158 3 782 603 5
T159 7 301 782 603 5 603 783 5
T1919 5 632 784 707 785 5
T1679 8 786 787 788 282 469 461 103 5
T1678 5 788 282 8 789 5
T1671 4 459 5 14 5
T1446 3 14 458 5
T1673 16 56 275 455 790 23 791 792 793 794 392 795 796 81 797 798 5
T1672 4 799 800 103 5
T1675 7 301 246 467 801 467 802 5
T1674 7 246 467 802 467 802 803 5
T1677 13 804 84 225 106 805 806 807 808 806 807 809 254 5
T1447 4 344 782 603 5
T1448 4 64 344 603 5
T1449 3 305 810 5
T1705 4 246 811 812 5
T1704 7 246 812 811 370 301 371 5
T1707 6 14 813 814 815 816 5
T1706 7 32 344 565 814 815 816 5
T1701 3 85 817 5
T1700 4 85 817 818 5
T1703 5 658 819 24 820 5
T1702 5 658 220 24 820 5
T1709 23 457 81 782 603 5 435 782 50 821 572 822 531 823 30 23 50 821 572 303 823 30 278 5
T1708 7 32 603 824 81 822 825 5
T1859 22 145 826 827 828 829 830 103 145 831 832 833 103 834 127 458 835 440 29 598 6 836 5
T1858 10 837 266 461 838 348 829 830 783 598 5
T1855 8 839 840 5 840 841 842 840 5
T1854 4 839 843 840 5
T1857 5 48 372 373 844 5
T1856 5 271 48 372 373 5
T1851 3 275 845 5
T1850 7 262 846 847 262 262 848 5
T1853 5 849 850 602 851 5
T1852 5 849 850 602 851 5
T1073 5 300 852 853 267 5
T1072 13 14 109 464 854 855 856 857 554 858 5 859 126 5
T1071 4 859 839 854 5
T1070 6 725 517 12 109 454 5
T1077 6 116 362 184 860 861 5
T1076 5 862 863 15 864 5
T1075 11 132 133 15 865 220 23 862 863 866 15 5
T1074 6 183 867 852 853 868 5
T1079 8 869 870 871 210 872 267 269 5
T1078 6 116 44 184 860 861 5
T496 18 24 258 873 874 875 876 85 877 878 248 251 879 122 23 346 801 52 5
T378 7 880 881 882 633 883 884 5
T379 11 885 886 23 362 884 23 633 883 880 881 5
T372 6 887 261 888 889 890 5
T373 11 81 261 888 408 891 892 890 451 301 889 5
T370 10 822 893 894 23 893 329 895 893 896 5
T371 10 822 893 894 23 893 329 895 893 897 5
T376 7 129 724 69 246 25 603 5
T377 6 898 899 246 25 603 5
T374 13 84 206 900 124 901 901 902 124 21 23 903 902 5
T375 6 206 901 240 904 901 5
T152 4 905 906 907 5
T153 4 906 907 905 5
T150 12 623 908 909 910 101 911 908 789 908 101 909 5
T151 17 908 128 911 912 913 914 915 5 23 129 5 23 915 648 916 805 5
T408 15 14 917 879 918 919 216 905 903 179 340 920 73 921 75 5
T409 27 14 265 56 922 903 923 924 23 925 926 73 927 161 343 75 5 179 407 917 928 5 14 929 90 847 183 5
T154 7 930 742 743 305 301 269 5
T155 13 454 930 742 743 5 73 434 931 932 933 166 75 5
T404 7 301 24 258 133 95 934 5
T405 11 24 258 133 934 5 24 464 588 133 183 5
T406 6 14 12 935 936 937 5
T407 6 938 12 939 936 937 5
T400 8 940 258 116 941 73 874 75 5
T401 5 24 258 116 941 5
T402 10 12 598 553 942 943 553 944 220 261 5
T403 23 945 946 637 947 23 14 948 572 949 948 109 132 101 950 5 14 32 602 951 952 357 91 5
T1442 5 24 953 954 955 5
T1443 5 956 25 163 605 5
T1440 3 957 958 5
T1441 5 24 953 954 392 5
T978 6 44 709 959 708 960 5
T979 4 246 690 689 5
T1444 5 956 25 163 961 5
T1445 6 660 25 458 44 603 5
T974 6 24 258 140 169 962 5
T975 11 32 963 964 81 837 116 335 965 220 224 5
T976 10 32 963 964 837 116 335 965 220 224 5
T977 5 960 966 966 965 5
T970 10 132 967 968 969 970 267 463 103 129 5
T971 9 971 205 5 14 85 971 205 439 5
T972 4 971 205 439 5
T973 4 140 169 962 5
T1280 6 14 12 935 972 648 5
T1281 10 973 974 975 313 976 977 161 978 979 5
T1282 8 980 981 603 98 103 32 572 5
T1283 6 14 439 24 193 194 5
T1284 10 982 439 23 124 24 193 194 983 399 5
T1285 5 984 985 606 986 5
T1286 5 984 606 629 103 5
T1287 3 987 123 5
T1288 5 987 939 987 123 5
T1289 20 145 988 102 806 989 73 903 990 75 991 102 992 993 994 712 399 103 85 995 5
T570 6 300 996 997 998 999 5
T571 5 844 1000 1001 1002 5
T572 6 844 1003 301 1004 1002 5
T573 5 254 220 255 225 5
T574 6 225 254 133 220 255 5
T575 4 1005 817 13 5
T576 4 706 817 13 5
T577 9 84 1006 654 1007 1008 1009 467 801 5
T578 10 110 681 1007 1010 467 801 1009 5 212 5
T579 8 725 108 1011 1012 301 354 392 5
T888 8 1013 1014 1015 254 23 84 225 5
T889 4 138 95 1016 5
T880 7 1017 1018 103 85 1019 775 5
T881 7 14 1020 1021 1022 660 1023 5
T882 7 14 1020 1021 1022 660 380 5
T883 5 1024 278 904 1025 5
T884 3 275 1025 5
T885 4 387 389 384 5
T886 6 24 25 163 95 384 5
T887 7 1013 1026 1014 9 84 225 5
T798 6 133 1027 217 1028 1029 5
T799 5 14 840 41 242 5
T794 24 145 130 1030 102 103 24 305 130 103 1031 145 1032 103 434 24 305 301 130 469 1033 357 1034 1035 5
T795 5 1036 1037 144 1038 5
T796 12 350 1039 105 1036 350 1040 1037 144 91 1041 1042 5
T797 6 266 133 217 1028 464 5
T790 5 133 1043 383 1044 5
T791 7 44 534 535 536 24 305 5
T792 8 44 535 536 534 382 24 305 5
T793 15 1045 1046 16 305 348 827 103 1047 145 839 1033 132 1048 103 5
T1668 4 1049 273 959 5
T1669 4 85 273 959 5
T1662 7 24 1050 1051 191 1052 1053 5
T1663 8 189 190 24 1050 1051 1054 1053 5
T1660 7 32 1055 1056 183 1057 1058 5
T1661 7 32 1055 1056 183 1057 1059 5
T1666 5 246 1060 643 685 5
T1667 7 246 643 685 1061 1060 685 5
T1664 7 24 1062 1063 196 190 1064 5
T1665 6 24 1062 1063 1065 1064 5
T1716 4 984 389 384 5
T1114 6 304 133 113 1066 773 5
T1714 7 85 1067 610 260 467 828 5
T1715 8 32 467 828 164 1067 610 260 5
T1712 5 84 464 1068 1069 5
T1713 4 435 1068 1069 5
T1710 8 452 1070 38 653 184 860 595 5
T1115 4 1071 455 179 5
T1116 3 1071 179 5
T1718 15 124 12 1072 572 23 1073 305 1074 1075 23 1076 572 101 1077 5
T1719 14 136 1078 625 24 12 301 183 458 23 572 1079 183 458 5
T1117 7 1080 517 1081 1082 861 454 5
T1848 6 1083 1084 1085 271 220 5
T1849 11 1086 1083 1087 23 1088 23 1089 1084 1085 271 5
T1846 7 1090 301 44 873 1091 301 5
T1110 5 32 1092 1093 183 5
T1844 4 1094 240 1095 5
T1845 5 546 326 1094 240 5
T1842 6 1096 715 464 1097 1098 5
T1843 8 1096 464 1099 1100 229 1101 1102 5
T1840 9 1103 1104 1105 1106 1107 554 435 1108 5
T324 4 1109 381 1110 5
T1112 8 69 1082 861 595 1111 21 220 5
T1113 6 133 844 113 1066 773 5
T62 9 1112 923 104 1113 85 1114 77 1115 5
T923 11 32 1116 65 32 459 1117 1118 67 64 344 5
T922 5 582 133 1119 140 5
T693 4 133 87 1120 5
T692 3 133 87 5
T927 11 85 532 104 1121 1122 1123 1124 232 1125 1124 5
T926 4 523 1126 6 5
T925 3 523 1126 5
T924 9 32 1116 65 459 1127 459 67 344 5
T1946 13 507 660 1128 1129 23 32 1129 301 775 329 1130 301 5
T1068 10 23 132 90 103 90 23 109 85 103 5
T1069 7 725 517 454 109 23 109 5
T1064 3 1131 534 5
T1065 8 266 227 224 301 335 1132 1133 5
T1066 4 335 980 1133 5
T1067 10 23 132 90 103 90 23 109 182 103 5
T1060 9 648 1134 1135 1050 1136 85 1003 1137 5
T1061 5 1138 30 254 1139 5
T1062 6 550 1140 30 254 1141 5
T1063 3 1131 534 5
T1940 5 300 958 44 475 5
T365 9 84 446 957 946 113 1142 85 496 5
T364 7 957 946 113 901 1143 496 5
T367 5 1144 1145 598 1146 5
T366 4 300 1144 1145 5
T361 5 395 1147 495 1148 5
T360 5 85 1147 495 1149 5
T363 4 1150 1151 104 5
T362 4 1150 1151 459 5
T369 11 217 384 1152 1153 103 14 1154 1155 463 1156 5
T368 7 1157 1152 351 1155 267 269 5
T149 7 1158 1159 122 548 1160 1159 5
T148 6 1158 1159 122 548 1160 5
T419 4 14 887 660 5
T418 4 14 887 660 5
T145 5 95 629 606 1161 5
T144 4 629 606 1161 5
T147 7 1162 1163 1164 269 262 27 5
T146 14 105 1162 216 1165 476 1166 1164 269 262 744 1167 476 970 5
T141 5 246 309 1168 1169 5
T140 3 309 1168 5
T143 4 1170 348 1171 5
T142 4 1170 348 1171 5
T969 5 967 1172 970 267 5
T968 3 1173 474 5
T967 2 1173 5
T966 8 14 389 1134 65 304 984 5 67
T965 6 849 389 1134 304 984 5
T964 7 14 1137 1174 1175 1176 538 5
T963 6 14 1137 1174 1175 538 5
T962 4 1177 1178 1179 5
T961 5 1180 1181 1182 1178 5
T960 6 784 1183 1184 1185 52 5
T1279 6 14 12 935 972 1186 5
T1278 17 463 262 1187 1188 133 1189 1190 23 1191 357 1192 103 1156 190 715 641 5
T1275 14 85 1193 456 563 556 196 248 1194 34 108 464 161 1195 5
T1274 13 388 922 1196 1197 381 156 23 84 552 1198 552 1199 5
T1277 13 463 262 1187 1188 133 1189 1141 103 1156 190 715 641 5
T1276 12 85 1200 456 563 556 196 248 139 464 161 1195 5
T1271 13 1201 1202 301 1203 768 590 1204 210 296 1009 489 1205 5
T1270 4 95 439 193 5
T1273 16 381 156 488 1197 23 1206 1207 552 1199 5 1208 937 1207 936 1196 5
T1272 13 395 1201 1202 301 1203 50 768 590 1204 1209 1210 1211 5
T563 9 85 305 109 1212 1141 21 948 799 5
T562 10 1213 1169 1214 23 48 32 903 210 1215 5
T561 9 48 32 903 1213 1169 1215 525 1216 5
T560 12 1217 1218 23 1219 204 103 206 204 1134 1220 1221 5
T567 6 50 710 456 553 654 5
T566 7 258 1222 30 469 1223 710 5
T565 12 128 38 1224 6 1225 1226 658 625 69 658 1227 5
T564 9 85 104 459 1228 1229 21 948 799 5
T569 8 862 24 738 1163 997 998 999 5
T568 4 50 710 456 5
T899 3 282 1230 5
T898 5 129 128 911 1174 5
T893 8 124 803 1231 1232 1233 1234 269 5
T892 4 1235 1173 262 5
T891 3 1173 262 5
T890 8 145 945 832 103 138 95 1016 5
T897 4 128 911 1174 5
T896 18 1236 1237 103 1238 555 109 1155 1239 1240 1063 103 1241 1237 469 1001 1240 1063 5
T895 9 904 38 1242 1237 1155 744 1243 1237 5
T894 7 269 862 1244 124 803 1231 5
T1389 8 1245 1246 1174 23 1174 1246 1245 5
T1388 4 1174 1246 1245 5
T789 5 1247 1043 383 1044 5
T788 3 1248 164 5
T787 3 1248 164 5
T786 6 769 1249 105 582 890 5
T785 6 24 1250 582 163 890 5
T784 10 14 12 935 1251 1252 14 12 572 161 5
T783 6 14 124 935 1251 1252 5
T782 4 246 1253 1254 5
T781 5 246 1253 1254 1146 5
T780 10 1255 1256 196 73 1257 75 98 1258 1259 5
T354 8 1260 1261 1262 1263 1264 23 844 5
T355 10 918 24 1265 23 1260 1261 1262 1263 1264 5
T685 21 14 345 220 116 1266 5 109 454 130 109 265 41 373 5 84 1267 345 116 305 552 5
T356 8 14 32 12 1255 310 1268 103 5
T1657 10 767 301 1269 1270 563 1271 163 1179 5 5
T1656 7 856 1179 767 301 1270 1271 5
T1655 6 132 95 1272 103 133 5
T357 7 14 12 1255 458 310 1268 5
T1653 6 1080 278 1196 196 1273 5
T1652 6 1080 278 1196 196 1274 5
T1651 9 304 1049 1030 1275 1276 1143 740 840 5
T1650 7 1049 77 1275 1276 740 840 5
T350 5 24 1277 685 1146 5
T1659 5 475 1165 1168 1278 5
T351 5 24 1277 685 1146 5
T1495 5 625 104 1279 1243 5
T1494 4 625 1279 1243 5
T1497 7 1280 1281 84 144 1282 405 5
T1496 7 14 1283 532 738 1284 252 5
T1491 10 84 206 922 1285 1286 1287 723 116 1288 5
T352 4 282 458 1289 5
T1493 16 145 1290 1291 1292 448 806 103 182 1293 1294 103 903 1293 1295 714 5
T1492 10 1290 85 1296 1297 23 1298 654 1295 714 5
T353 6 282 458 1299 23 1300 5
T1499 6 81 1301 1302 1258 1259 5
T1498 5 1303 1302 1258 1259 5
T1723 13 1304 1305 1306 698 85 381 156 455 922 1307 21 1308 5
T1722 12 1309 357 416 664 23 14 1310 648 892 248 1311 5
T1721 3 1312 1272 5
T1720 7 1313 104 1314 1312 1315 1272 5
T1727 6 44 1316 1317 1318 1316 5
T1726 6 44 1317 688 1319 1316 5
T1725 14 1320 1321 73 1322 75 948 236 1323 23 84 127 201 202 5
T1724 5 507 938 859 220 5
T1729 4 1324 475 1325 5
T1728 4 1324 475 1325 5
T1879 6 1326 1327 301 1328 1329 5
T1878 5 1328 1326 1327 743 5
T1873 5 85 131 136 1184 5
T1872 5 85 131 136 1184 5
T1871 11 14 32 396 399 303 220 1001 1058 1330 1331 5
T1870 8 14 32 396 399 948 303 220 5
T1877 6 1332 1333 105 85 87 5
T1876 6 1334 1335 1030 585 12 5
T1875 6 390 1336 392 1134 1337 5
T1874 6 390 1338 1134 1336 392 5
T1424 7 30 301 1339 1340 876 1341 5
T49 7 69 122 53 1342 1124 1343 5
T48 8 32 344 1081 122 41 1342 262 5
T1425 3 1344 16 5
T43 4 1345 1346 104 5
T42 5 301 475 104 1346 5
T41 6 14 1347 1348 581 815 5
T40 5 14 1347 41 815 5
T47 6 300 1349 211 1350 1351 5
T46 5 648 1307 1352 1353 5
T45 4 389 461 384 5
T44 4 389 461 384 5
T1427 5 301 1340 205 1354 5
T1420 5 951 1355 1175 1356 5
T1421 4 1357 861 44 5
T1422 4 1357 861 44 5
T1423 4 1339 108 1341 5
T585 4 648 1146 1358 5
T584 2 1359 5
T855 9 50 553 1207 1268 1360 1361 1362 1363 5
T854 7 784 232 1034 1364 1081 53 5
T1717 11 389 384 304 984 103 24 258 461 389 384 5
T853 5 232 1081 53 784 5
T852 14 157 1365 1366 1367 1281 23 658 216 1368 1369 329 1368 1369 5
T851 13 157 1365 1366 1367 1281 23 658 216 1368 1369 329 1370 5
T1124 3 1371 30 5
T582 5 31 1103 1179 31 5
T1711 9 452 1070 38 653 184 860 595 1372 5
T1590 6 104 849 1373 556 166 5
T1591 6 104 849 1373 556 166 5
T1019 9 1374 466 1375 65 1376 67 633 1377 5
T1018 7 85 166 552 1378 767 1271 5
T452 13 435 38 437 38 436 164 439 193 73 438 436 75 5
T1011 4 1379 1380 1381 5
T1010 8 32 1382 1383 105 1036 1037 144 5
T1013 5 24 258 95 471 5
T1012 4 1379 1380 1384 5
T1015 6 32 572 1385 585 261 5
T451 8 304 1386 1341 157 258 1387 1388 5
T1017 20 32 767 1389 1156 278 81 1390 1332 73 1391 1392 1393 75 552 210 1394 1395 5 129 5
T1016 9 32 1385 1396 261 489 1086 452 1397 5
T450 7 1398 157 1387 1388 1399 1400 5
T1847 6 24 615 1401 1402 320 5
T457 12 16 1403 397 182 213 214 215 103 85 1404 207 5
T456 9 208 246 1405 73 213 214 215 75 5
T455 6 32 1406 1407 489 1408 5
T454 5 32 1406 489 1409 5
T1841 13 1410 554 1106 554 23 1269 1411 1176 1105 554 1103 5 1412
T310 6 266 1413 1414 497 500 5
T311 8 266 1413 497 1415 1416 1417 1418 5
T312 14 1419 238 556 34 1420 1421 1422 23 837 767 1189 1279 743 5
T313 8 1420 296 238 1419 5 81 562 1421
T314 8 84 612 1423 1424 1425 1426 1427 5
T315 5 1428 85 1423 1424 5
T316 9 32 384 1069 41 282 1360 384 1429 5
T317 5 32 384 41 1429 5
T318 6 14 1430 387 389 384 5
T319 6 14 124 387 389 384 5
T1129 6 1243 23 1431 1432 305 5
T1128 8 1433 1400 1434 1435 1436 1437 1438 5
T138 13 654 32 648 1439 1300 354 5 1440 1236 632 648 1439 5
T139 7 81 12 1441 1442 1443 1444 5
T428 9 69 1445 1446 301 313 1447 122 1043 5
T429 5 32 1448 116 1449 5
T130 8 1450 193 5 95 1450 193 194 5
T131 6 95 184 194 282 1450 5
T132 5 24 582 163 16 5
T133 5 660 582 163 890 5
T134 6 163 219 554 1451 1452 5
T135 5 129 219 554 1452 5
T136 4 334 1453 144 5
T137 3 1453 144 5
T1468 4 1080 1454 510 5
T1469 5 1080 1454 606 510 5
T958 9 301 44 1028 89 1455 1242 932 5 1456
T959 7 367 1183 137 1185 472 52 5
T952 3 461 788 5
T953 6 14 973 1107 1457 303 5
T950 6 776 1309 357 1458 1459 5
T951 4 461 788 262 5
T956 8 1460 715 206 1154 1461 1462 1463 5
T957 7 1464 1150 1197 133 40 254 5
T954 6 32 1107 1457 303 526 5
T955 4 1460 715 206 5
T1268 11 903 1059 52 1465 279 1466 1467 1468 1469 1470 5
T1269 7 44 1069 95 439 193 1471 5
T1266 4 1472 127 161 5
T1267 6 1467 1468 1469 1470 720 5
T1264 9 429 23 1423 1473 1474 1475 301 183 5
T1265 4 1476 127 1472 5
T1262 11 32 1477 1135 85 1478 1154 681 1024 1479 1104 5
T1263 6 1480 1481 1423 1475 183 5
T1260 9 84 441 357 1482 803 1482 847 302 5
T1261 7 105 1477 1135 681 1483 1104 5
T228 6 32 903 1484 104 344 5
T229 6 1485 903 1484 104 1486 5
T558 6 32 1487 1488 1489 282 5
T559 5 81 1219 166 1490 5
T556 4 19 15 16 5
T557 3 1487 1488 5
T226 4 127 380 36 5
T227 4 127 412 36 5
T220 5 1491 1492 606 1493 5
T221 4 1491 1494 1493 5
T550 6 24 488 1495 503 252 5
T551 11 1496 84 101 459 5 214 124 459 1497 1132 5
T1398 4 246 1498 1499 5
T1399 10 14 32 1498 1500 23 1501 1105 1502 1499 5
T1392 8 69 38 1341 76 1503 806 21 5
T1393 10 1504 783 76 81 1341 806 1229 1059 21 5
T1390 5 32 344 1505 1506 5
T1391 5 1180 258 1507 1506 5
T1396 6 191 815 1508 1509 1510 5
T1397 4 191 815 1508 5
T1394 7 382 113 1511 104 496 384 5
T1395 6 382 1512 348 1511 384 5
T1640 7 183 1374 73 371 448 75 5
T1641 5 183 1374 371 448 5
T1642 9 1513 1057 1514 1515 1516 1515 1057 1517 5
T1643 17 1057 1058 1514 1515 103 1513 1516 1515 1057 1059 73 1518 301 553 1513 75 5
T1644 4 200 80 603 5
T1645 5 44 200 603 80 5
T1646 4 14 1519 1520 5
T1647 6 204 1521 32 1519 164 5
T1648 6 85 215 1522 1523 262 5
T1649 5 85 1524 269 262 5
T1486 6 1525 9 300 1465 1180 5
T1487 5 1525 300 1465 1180 5
T1484 7 452 639 5 1526 1527 452 5
T1485 15 1528 1527 1529 103 85 532 681 452 163 85 1530 1531 639 452 5
T1482 8 326 1532 815 1533 1534 1535 1536 5
T1483 5 159 1537 1533 1536 5
T1480 8 1538 164 826 1539 469 81 298 5
T1481 23 1540 9 606 23 164 1539 1541 64 1542 23 1543 124 577 23 50 1538 23 81 1544 1080 606 510 5
T1488 7 1545 534 1546 164 953 296 5
T1489 22 1545 1546 301 664 5 85 1547 1548 5 1549 1550 1551 1548 23 1552 103 73 340 1545 83 75 5
T1738 7 24 1054 1065 1050 1051 1053 5
T1739 7 24 1050 1051 1054 1065 1053 5
T1734 7 24 252 903 170 124 1553 5
T1735 7 132 85 1554 103 296 1491 5
T1736 8 732 1555 32 109 831 77 1556 5
T1737 8 1557 1558 32 109 354 1559 1556 5
T1730 18 129 50 1560 301 334 764 164 1561 90 1562 1563 1399 1560 23 1564 240 23 5
T1731 7 1565 879 1566 1567 1568 1569 5
T1732 6 1570 1571 936 937 1197 5
T1733 5 1570 1571 936 937 5
T58 5 140 555 1188 1572 5
T59 9 124 454 1573 1574 140 555 1188 1575 5
T50 7 1313 50 452 962 1576 240 5
T51 8 1313 50 452 962 1576 1577 240 5
T52 3 563 451 5
T53 4 563 451 369 5
T54 7 32 1578 170 648 660 1579 5
T55 4 1579 1027 1578 5
T56 6 24 258 50 710 456 5
T57 6 24 258 461 710 456 5
T1136 8 1580 1581 206 109 81 122 206 5
T302 4 1150 1582 183 5
T301 7 1583 1104 122 1399 1584 1585 5
T1135 16 122 133 70 1580 1581 206 266 1580 1581 133 70 122 1580 1581 133 5
T1132 11 1586 116 892 348 23 65 1587 1588 67 282 5
T1133 3 133 1131 5
T305 11 14 32 1175 422 1589 1590 828 1591 38 1592 5
T304 7 14 32 1175 422 1589 1593 5
T1864 5 24 1594 764 467 5
T1865 5 301 24 467 1594 5
T1866 7 1595 764 65 764 1596 67 5
T1867 8 744 1597 764 1596 1598 267 463 5
T1860 11 206 1599 1600 296 1601 1602 5 14 1603 648 5
T1861 9 1604 1605 723 1132 1606 458 1607 206 5
T1862 4 202 225 1196 5
T1863 9 32 201 202 81 837 225 1608 1196 5
T1868 5 1609 382 582 290 5
T1869 5 456 144 1065 87 5
T1589 4 984 890 774 5
T1588 5 984 890 774 925 5
T1008 3 1610 1192 5
T1009 7 1382 1383 105 1036 1611 144 5
T1002 5 30 254 1139 1138 5
T1003 7 1612 254 282 806 1613 1196 5
T1000 5 50 44 368 1303 5
T1001 6 282 475 30 254 1139 5
T1006 6 24 29 1614 1615 1616 5
T1007 5 1610 1192 85 857 5
T1004 6 806 1617 309 1618 1196 5
T1005 6 1619 29 24 1616 1620 5
T1586 5 1621 24 873 664 5
T947 4 1622 1623 144 5
T128 6 300 1619 1268 408 1624 5
T286 5 32 1592 539 785 5
T1585 7 820 282 77 1625 1626 1627 5
T287 6 32 1592 539 1628 785 5
T303 4 1150 1582 818 5
T1137 9 32 572 373 388 32 603 357 373 5
T1134 3 133 1131 5
T300 6 69 21 1629 1630 220 5
T307 6 136 23 23 1183 1631 5
T306 5 136 104 1183 1631 5
T1130 9 625 1143 215 12 90 1432 305 1243 5
T1131 11 1632 1197 1633 1586 282 348 23 1634 305 1268 5
T309 3 1635 1636 5
T308 2 1635 5
T1138 15 14 132 1637 388 603 490 5 14 572 282 212 1638 373 25 5
T1139 7 133 1612 198 1575 140 1639 5
T826 14 14 1640 134 191 193 1641 261 1642 23 23 1643 1644 1645 5
T827 7 625 1646 1115 1647 458 792 5
T1584 8 1625 820 432 282 1648 23 1649 5
T288 12 1650 1651 1652 346 1154 258 1150 1653 23 1150 1212 5
T945 5 1089 1654 639 1655 5
T944 10 1656 1657 103 948 116 1658 1659 1660 1457 5
T129 6 300 1661 1268 408 1624 5
T825 8 1662 1641 9 773 1312 1663 261 5
T941 4 1245 1154 1664 5
T940 3 900 1665 5
T943 8 266 116 1658 1659 1666 278 1657 5
T942 15 1462 1667 23 586 1668 103 14 1154 302 1668 918 1245 932 1669 5
T123 8 475 1105 1670 236 1671 5 567 5
T122 7 732 1105 1670 236 1671 901 5
T121 4 1672 1673 1674 5
T120 7 1675 1422 1672 1673 469 1676 5
T949 4 1309 357 1458 5
T948 5 1677 1678 1623 144 5
T125 6 200 38 582 1679 1680 5
T126 5 14 265 85 1681 5
T1764 11 14 32 220 1682 1683 1684 1029 1685 1686 30 5
T820 4 1687 517 1243 5
T1583 17 1688 123 23 1457 1689 123 103 1690 1691 23 517 1692 123 1693 1694 1695 5
T124 10 38 280 1696 582 280 1696 1697 1698 216 5
T1259 9 441 1699 9 834 1700 1701 1702 302 5
T1258 4 159 1703 1704 5
T1253 4 454 1705 459 5
T1252 3 549 903 5
T1251 5 549 65 1706 67 5
T1250 6 432 1707 1619 1708 1466 5
T1257 4 464 1703 1704 5
T1256 6 1709 1710 980 1711 859 5
T1255 5 1709 1710 859 980 5
T1254 4 25 459 1705 5
T549 9 24 252 1601 792 1712 1495 488 1713 5
T548 7 32 572 625 1714 387 384 5
T239 3 1715 1716 5
T238 7 1717 1718 1719 210 447 1716 5
T237 7 1720 591 303 12 109 454 5
T236 8 1720 184 1721 303 12 109 454 5
T235 10 1722 1723 246 954 65 1724 67 5 523 5
T542 6 32 510 1725 164 1726 5
T233 18 14 1727 130 73 917 277 75 723 131 903 1728 850 53 73 223 75 136 5
T544 11 1310 112 1437 1729 1730 828 1731 23 23 14 5
T231 3 14 891 5
T230 5 14 891 662 1732 5
T1581 4 1677 1678 232 5
T1768 13 1733 1115 1734 159 1735 1736 1733 1115 1737 1580 1581 1664 5
T435 4 1738 705 54 5
T434 6 878 258 54 1738 705 5
T437 19 348 595 1739 282 1740 1001 38 1739 282 1741 1742 163 1072 595 1743 85 523 1311 5
T436 6 1744 553 122 1345 1681 5
T431 6 1745 501 16 1154 1745 5
T430 4 1745 501 16 5
T433 7 1746 995 378 85 769 102 5
T432 11 182 1746 995 103 1747 85 769 31 282 1748 5
T439 6 85 133 95 1749 1750 5
T438 4 95 184 1750 5
T1560 5 965 1751 85 917 5
T832 5 1752 1753 868 318 5
T835 7 14 555 109 1150 1491 1373 5
T834 20 32 1533 261 595 73 1754 75 888 769 161 1755 1001 1135 532 73 1756 1757 1758 75 5
T1749 10 127 1759 875 702 1760 1761 101 1762 1167 5
T1748 10 357 875 702 1760 1763 1179 1592 710 220 5
T1741 7 84 335 262 1764 5 1765 5
T1740 6 301 335 262 1178 1766 5
T1743 4 304 24 1767 5
T1742 4 24 25 1767 5
T1745 8 1768 132 873 710 1621 1769 133 5
T1744 18 661 133 873 1066 1432 1146 103 217 1770 743 24 1735 23 1093 1691 5 1771 103
T1747 6 14 83 562 1772 90 5
T1746 6 14 83 562 1772 90 5
T541 7 14 109 764 282 510 1725 5
T540 6 85 553 1773 1774 1775 5
T543 12 1776 1777 1778 103 1779 1780 173 143 103 718 103 5
T234 8 300 1179 954 65 1724 67 1681 5
T69 4 24 128 1069 5
T68 5 24 128 1069 1781 5
T65 7 318 1782 1783 84 282 1784 5
T64 8 318 1782 1783 84 282 598 1784 5
T67 6 994 912 1785 1786 1090 5
T66 19 32 381 156 542 948 1787 73 640 23 1552 103 75 381 156 1605 70 1788 395 5
T61 7 301 124 25 1789 454 6 5
T60 7 301 124 25 84 282 6 5
T63 6 422 1113 85 1114 1115 5
T232 8 14 130 282 1790 1791 903 850 5
T547 6 572 104 1714 387 384 5
T546 4 85 1792 1069 5
T1929 3 12 348 5
T1928 4 85 12 348 5
T1925 8 129 948 721 1793 1735 1794 1058 5
T1924 9 238 1175 301 1795 1712 44 1675 556 5
T1927 3 454 1796 5
T1926 4 454 1797 1796 5
T1921 3 1304 291 5
T1920 3 1304 291 5
T1923 3 149 456 5
T1922 9 32 1798 1799 1074 1800 1658 1801 1005 5
T1811 9 14 1802 1803 1241 1804 1805 1806 1802 5
T1810 5 14 1804 1805 1807 5
T1813 6 1165 1808 1809 1810 359 5
T1812 5 207 1811 1165 1808 5
T1815 3 14 1812 5
T1814 4 14 1812 138 5
T1817 12 14 12 212 1813 301 1642 81 686 1814 1813 301 5
T1816 14 1815 1816 23 1518 109 212 81 144 109 81 144 1817 247 5
T1819 3 1818 1819 5
T1818 3 1818 1820 5
T1037 7 784 232 234 815 1081 53 5
T1036 5 300 24 1750 1821 5
T1035 24 1822 22 103 1823 309 1482 103 93 1824 1160 159 1825 73 473 75 103 1826 232 1034 1827 103 14 206 5
T1034 8 44 553 563 1828 1829 1830 1831 5
T1033 3 1830 1831 5
T1032 5 246 412 415 343 5
T1031 7 40 246 412 343 415 343 5
T1030 9 32 1832 1833 475 48 371 1536 1834 5
T1039 8 510 390 557 1835 301 1836 1837 5
T1038 7 784 232 124 1499 1081 53 5
T1103 10 24 91 603 1838 124 164 50 603 720 5
T1102 6 1143 884 9 1839 318 5
T1101 8 192 884 296 1178 5 73 1143 75
T1100 8 84 202 1197 489 161 98 806 5
T1107 5 1840 291 503 14 5
T1106 8 648 707 1183 1841 1081 122 232 5
T1105 6 648 707 1183 232 637 5
T1104 4 1838 91 603 5
T336 4 24 861 686 5
T337 4 24 686 861 5
T1109 5 1092 1842 183 1584 5
T1108 6 1843 291 503 5 14 5
T332 7 542 646 1844 1845 1846 1847 5
T333 5 542 646 447 1848 5
T330 6 24 1849 1779 1850 702 5
T331 5 24 1849 321 702 5
T930 7 669 301 166 5 625 1851 103
T931 5 24 1852 1499 1853 5
T932 4 44 1853 1852 5
T933 6 44 170 95 1854 220 5
T682 8 1855 1856 200 1322 5 14 14 5
T683 5 1857 1858 200 1322 5
T936 5 870 1341 1859 1860 5
T681 5 328 1861 1862 183 5
T938 15 1863 710 81 1864 1865 1051 1866 1051 1051 1867 1092 260 1868 582 5
T939 4 834 1422 603 5
T688 11 1869 1870 1871 1575 122 1872 392 73 794 75 5
T689 9 1873 122 1872 828 52 1008 1119 392 5
T1244 6 1874 623 104 1875 1242 5
T1245 7 863 1876 1637 705 1877 1878 5
T1246 6 1879 1876 170 1637 1878 5
T1247 5 81 1069 523 384 5
T1240 6 1880 1881 1788 542 1882 5
T1241 2 1883 5
T1242 3 1883 860 5
T1243 6 1884 1885 623 1875 1242 5
T1248 5 81 1069 282 384 5
T1249 5 432 1619 1708 1466 5
T828 8 258 1491 1646 1115 1647 458 1544 5
T208 5 744 1242 1886 741 5
T209 4 1886 1242 741 5
T202 5 1887 1888 1889 1890 5
T203 5 1887 1888 1891 1892 5
T200 10 715 81 254 220 255 1893 1894 5 326 5
T201 5 1895 254 220 255 5
T206 5 24 1896 954 392 5
T207 4 24 1896 954 5
T204 8 254 1897 1898 1899 77 1612 254 5
T205 12 266 1899 129 1900 1898 1457 1901 77 1902 1612 254 5
T592 6 1903 1904 1905 329 895 5
T593 8 14 1906 164 1907 1908 1909 200 5
T590 8 326 1910 1911 1912 1763 1621 1769 5
T591 7 32 1903 1905 246 1904 1905 5
T848 6 85 697 572 1797 1913 5
T597 3 344 603 5
T594 13 14 12 389 65 1914 67 849 1915 849 602 851 1069 5
T595 8 456 508 849 1916 1917 710 836 5
T844 10 1341 198 758 1918 5 44 329 1919 248 5
T845 9 14 1920 1691 1786 1036 1921 1524 1922 5
T846 9 14 555 109 1923 239 1036 1924 239 5
T599 5 133 310 87 326 5
T840 3 1925 215 5
T841 5 552 354 1926 1373 5
T842 4 552 1927 1373 5
T843 12 1341 198 758 732 23 1928 5 44 329 1919 248 5
T440 3 1929 384 5
T441 4 1929 710 384 5
T442 3 1930 1931 5
T443 4 301 1930 1932 5
T444 4 300 452 1933 5
T445 4 300 452 1933 5
T446 8 243 1538 164 510 65 1934 67 5
T447 8 24 1935 1936 1156 1937 56 912 5
T448 6 1512 1938 830 1939 1940 5
T449 7 1939 548 335 1938 830 1940 5
T118 5 24 258 95 1941 5
T119 4 95 1941 1942 5
T824 6 1943 1944 1945 1946 528 5
T822 8 81 1495 1947 201 202 32 1948 5
T823 13 362 1143 340 1949 838 844 23 275 1414 798 1950 837 5
T1759 9 69 1951 1952 1953 193 194 1954 1955 5
T1752 6 24 1163 1956 1957 220 5
T1753 6 24 1957 1163 1956 220 5
T1750 16 40 73 261 75 1958 109 600 1959 73 861 23 1572 23 240 75 5
T1751 12 1960 1961 422 106 1958 109 1962 1212 1001 461 1962 5
T1756 9 81 1663 1963 1964 30 5 1965 352 103
T1757 12 81 456 169 758 1966 122 352 1967 1450 193 1580 5
T1754 13 81 527 28 1747 395 1968 975 1969 1970 301 1971 1972 5
T1755 19 527 28 1747 1973 625 1974 1446 975 1971 1975 1976 23 337 1977 1757 294 517 1972 5
T72 10 145 1978 103 984 774 116 1644 335 21 5
T73 11 1979 21 22 345 103 116 941 335 1059 21 5
T70 9 14 12 127 1980 1314 903 915 1981 5
T71 9 915 839 1982 903 1981 915 12 1983 5
T76 3 140 1984 5
T77 4 140 1612 198 5
T74 15 112 461 131 65 14 167 5 50 132 5 65 23 124 1985 5
T75 18 112 1047 1179 70 1986 572 103 661 1326 1987 103 1207 461 132 85 8 121 5
T78 9 1988 912 1989 1990 1991 1992 1993 8 5
T79 10 14 910 1150 164 1994 1991 23 282 1990 5
T821 9 201 202 903 1948 23 1995 1996 1564 5
T642 10 1997 1910 875 702 1760 1998 1763 161 1999 5
T643 6 14 32 2000 1118 2001 5
T640 11 563 198 382 2002 2003 1163 2004 476 767 2005 5
T641 9 161 2006 489 1910 875 702 1760 1763 5
T1938 13 14 109 2007 282 2008 72 121 2009 2010 18 49 1981 5
T1939 6 32 2011 2012 190 36 5
T1936 8 64 2013 73 370 301 371 75 5
T646 4 565 2014 291 5
T1934 15 1481 313 2015 156 2016 2017 806 301 2018 193 23 2019 2020 1576 5
T1935 5 2021 2022 2015 156 5
T1932 4 629 2023 606 5
T1933 3 2000 606 5
T1930 6 32 48 372 373 183 5
T647 5 282 1913 642 373 5
T644 5 50 2000 1118 2001 5
T645 5 14 565 1481 2024 5
T1802 5 85 496 1306 2025 5
T1803 4 85 496 2025 5
T1800 7 14 648 2026 1422 318 1782 5
T1801 8 14 648 2026 318 1782 1601 1178 5
T1806 8 193 194 95 132 2027 2028 318 5
T1807 8 193 194 95 132 464 318 764 5
T1804 8 1154 1482 52 555 2029 1575 140 5
T1805 9 132 1008 555 2029 1482 52 103 448 5
T1808 5 395 93 1133 220 5
T1809 8 395 1133 2030 34 2031 1763 220 5
T1020 11 14 893 2032 206 5 32 329 893 2033 2034 5
T1021 3 2035 2036 5
T1022 4 2036 9 2037 5
T1023 4 24 170 123 5
T1024 4 24 170 123 5
T1025 5 12 2038 13 1308 5
T1026 5 32 2038 159 2039 5
T1027 8 572 38 2040 1569 23 138 392 5
T1028 5 85 38 2040 1569 5
T1029 8 32 900 550 1276 475 1536 1834 5
T329 8 382 710 2041 743 2042 743 1863 5
T328 6 988 710 2042 2041 743 5
T1118 5 1082 861 98 454 5
T1119 13 2043 1876 173 24 170 634 2044 1360 73 2045 53 75 5
T321 4 2046 2047 122 5
T320 4 2046 2047 454 5
T323 18 600 2048 23 681 2049 2050 743 23 756 2051 469 681 8 199 2052 182 2050 5
T322 24 182 452 1293 771 2053 23 375 2054 965 2055 199 2052 103 2056 86 2057 52 835 484 5 34 2058 129 5
T325 5 1902 127 381 1110 5
T1111 8 69 1082 861 595 220 1111 21 5
T327 4 164 2059 87 5
T326 5 164 2059 87 1028 5
T691 6 24 463 269 862 2060 5
T690 5 24 269 862 2061 5
T921 5 582 133 1119 140 5
T920 6 582 47 890 273 274 5
T695 5 624 163 2062 80 5
T694 6 301 24 2062 80 163 5
T697 5 422 565 85 2063 5
T696 6 14 422 85 2063 565 5
T699 4 1539 2064 435 5
T698 5 21 1539 2064 354 5
T929 9 1481 1527 2065 1749 591 1086 290 851 5
T928 11 104 2066 2067 1124 434 2068 23 2069 1207 1137 5
T1231 6 14 2070 1980 660 30 5
T1230 6 206 2071 29 898 2072 5
T1233 5 938 255 1164 2073 5
T1232 6 14 2070 1980 660 30 5
T1235 3 1150 2074 5
T1234 6 255 116 367 776 2073 5
T1237 7 1915 23 24 2075 534 122 5
T1236 3 1150 2074 5
T1239 6 1880 1881 1788 542 2076 5
T1238 7 301 24 2075 615 2077 122 5
T215 4 246 459 2078 5
T214 5 301 246 459 2078 5
T217 6 1301 957 1576 34 1051 5
T216 6 1301 957 1576 2079 1051 5
T211 10 2080 266 489 2006 220 251 49 48 49 5
T210 8 93 2080 1817 692 2006 5 648 5
T213 3 2081 1838 5
T212 5 163 2082 128 1838 5
T219 21 478 1792 767 2083 1271 1817 5 2084 103 2085 472 2086 2085 1482 390 23 552 1378 2086 2087 1378
T218 8 767 105 2088 390 2089 1271 1817 5
T589 9 326 1910 875 702 1763 1621 1769 220 5
T588 7 12 127 2090 2091 2092 2093 5
T859 7 164 2094 2095 2096 1114 1113 5
T858 3 936 937 5
T857 5 84 936 937 1196 5
T856 7 85 1243 2097 2098 2099 1059 5
T587 6 2100 2101 127 965 224 5
T586 4 648 710 1358 5
T581 7 1179 31 23 23 31 1103 5
T580 7 725 108 1011 1860 354 392 5
T583 2 2102 5
T850 7 24 2103 2104 130 2105 2106 5
T1349 4 725 517 2107 5
T1348 4 1720 517 2107 5
T1345 4 2108 161 804 5
T1344 6 2108 599 739 161 804 5
T1347 11 164 1133 321 103 875 34 321 103 702 1763 5
T1346 10 301 1915 1203 1807 875 702 1760 1998 1763 5
T1341 6 300 24 451 267 1750 5
T1340 8 258 1005 2109 1750 1808 267 451 5
T1343 9 2110 84 95 768 2111 454 768 1016 5
T1342 5 24 2111 2112 95 5
T101 8 134 2113 456 193 2114 712 33 5
T100 8 134 2113 44 2114 712 33 140 5
T103 8 768 2115 522 2116 2117 2116 1401 5
T102 9 2115 522 768 2117 2116 1401 5 23 5
T105 5 2118 206 2119 2120 5
T104 4 2121 265 1732 5
T107 6 996 2122 163 2123 14 5
T106 7 2124 2125 25 163 2123 14 5
T109 5 14 555 109 2126 5
T108 6 2127 489 2128 199 408 5
T459 5 50 30 6 170 5
T458 8 50 30 6 170 458 1086 857 5
T415 7 2129 24 2130 2129 301 2131 5
T414 7 24 2132 2129 301 2131 1178 5
T413 4 2133 2134 282 5
T412 4 282 2133 2134 5
T411 10 2135 2136 2137 627 23 2138 627 32 303 5
T410 9 2135 2136 2137 627 23 371 2137 627 5
T1699 5 475 30 254 472 5
T1698 8 507 660 1788 475 30 254 472 5
T1693 6 1183 707 469 1826 2139 5
T1692 6 1183 707 469 81 1579 5
T1691 3 453 164 5
T1690 2 453 5
T1697 7 145 2140 455 698 1307 301 5
T1696 5 301 282 455 2141 5
T1695 10 223 1821 2142 2143 1544 50 2144 913 2145 5
T1694 6 14 223 1821 2143 913 5
T1479 13 542 1575 23 1119 994 1134 1188 21 184 860 98 598 5
T1478 12 542 1575 23 1119 23 1188 21 184 860 98 598 5
T1477 9 2146 104 301 458 556 495 85 2147 5
T1476 10 2146 104 301 495 556 23 85 2147 2146 5
T1475 9 85 738 198 2148 581 581 1807 2149 5
T1767 7 14 32 572 282 1860 2150 5
T1766 7 32 1718 2150 572 282 698 5
T1765 12 14 32 220 265 1682 1683 1684 1029 255 29 30 5
T1474 10 862 24 738 655 2151 2152 2153 2149 2154 5
T1763 11 24 2155 169 2156 556 50 73 1547 553 75 5
T1762 7 24 1028 95 1621 1769 456 5
T1761 8 2157 25 73 75 1358 925 2158 5
T1760 8 2157 25 73 75 1358 925 2159 5
T1473 6 138 101 747 102 793 5
T1769 15 14 1580 1581 1664 73 1601 1178 75 2160 5 14 2160 2161 2162 5
T1472 7 138 101 747 102 116 1560 5
T1565 6 1580 837 202 225 1196 5
T1564 6 32 202 837 225 1197 5
T1567 11 184 860 196 903 132 275 108 279 1068 83 5
T1566 6 2163 452 1068 2164 184 5
T1561 16 183 2165 2166 790 2167 2168 879 903 81 876 843 5 326 275 83 5
T1471 6 130 85 788 487 2169 5
T1563 8 24 1547 340 122 452 212 1935 5
T1562 9 24 2170 452 183 1935 50 44 2171 5
T1682 12 675 345 455 2103 675 130 5 279 2172 1522 474 5
T1470 11 14 1081 1727 130 788 441 2169 5 2173 951 5
T1569 4 2174 2175 2176 5
T1568 4 2174 2175 2176 5
T1683 4 2177 56 675 5
T1909 4 603 840 2178 5
T1908 4 603 469 840 5
T1903 10 14 201 202 1164 648 5 206 225 1196 5
T1902 13 2179 629 23 84 206 27 201 202 225 1197 392 1196 5
T1901 5 918 24 615 2180 5
T1900 5 24 615 2180 163 5
T1907 7 301 282 2181 2182 481 925 5
T1906 7 301 282 2181 2182 481 925 5
T1905 4 175 2183 130 5
T1904 4 175 2183 45 5
T1839 4 133 2184 23 5
T1838 3 133 2184 5
T1837 7 1271 2185 451 801 1515 2186 5
T1836 10 129 973 22 2187 124 627 122 973 2188 5
T1835 15 1465 2009 1358 2189 136 828 73 294 21 75 2190 84 2191 2192 5
T1834 14 2179 85 2087 2193 1642 444 1584 98 824 552 2193 1642 2194 5
T1833 5 24 604 1646 296 5
T1832 7 715 44 1520 604 1646 296 5
T1831 3 145 2195 5
T1830 4 145 2195 103 5
T1169 4 1150 1151 1373 5
T1168 9 768 650 2196 828 318 1619 2196 828 5
T1161 9 14 220 32 305 248 301 1685 29 5
T1160 4 84 132 1197 5
T1163 7 202 2197 923 2198 2199 2200 5
T1162 5 220 301 248 2201 5
T1165 5 95 1276 5 23 5
T1164 13 202 1164 1891 1542 2202 555 109 1958 109 422 2199 2200 5
T1167 8 768 650 2196 828 318 1619 2196 5
T1166 4 2203 95 1276 5
T668 6 2204 938 12 891 485 5
T669 4 2204 938 891 5
T918 10 2205 2206 9 81 1086 1002 2191 613 220 5
T919 8 769 1059 582 124 890 273 274 5
T916 4 133 756 2207 5
T917 7 2205 2206 9 56 613 220 5
T914 8 1150 2208 301 2209 2210 2211 2212 5
T667 8 85 452 2213 773 2214 2215 800 5
T660 6 1570 1571 2216 2217 565 5
T661 6 1570 1571 2218 2216 2217 5
T910 9 14 572 282 145 2219 1125 1120 2219 5
T663 4 246 2220 2221 5
T1222 8 1024 873 132 862 493 1785 2222 5
T1223 4 2223 2224 2225 5
T1220 11 84 30 1666 591 2226 946 30 254 2227 805 5
T1221 7 24 258 873 493 1173 1785 5
T1226 5 44 1028 95 2228 5
T1227 6 84 1281 348 2229 725 5
T1224 4 2230 1164 224 5
T1225 5 44 1028 95 2231 5
T1228 6 243 1281 348 313 1174 5
T1229 7 129 1400 1947 1174 2232 1821 5
T260 3 2233 2234 5
T261 4 2235 34 2234 5
T262 5 1530 2236 1212 844 5
T263 4 196 6 2237 5
T264 5 188 2238 1390 1242 5
T265 4 188 2239 2238 5
T266 7 732 2240 929 1369 2241 917 5
T267 5 14 1369 2240 929 5
T268 6 2242 2243 2242 2244 2245 5
T269 4 2242 2246 2247 5
T1598 10 81 2248 2249 133 2250 603 1015 116 2251 5
T1599 12 1570 1571 2252 310 2138 1695 210 12 301 1202 1601 5
T868 4 2253 2254 2255 5
T869 10 95 2256 2257 18 2256 1482 109 454 2258 5
T862 6 140 1060 2259 606 2260 5
T863 8 273 1619 85 2261 210 2262 716 5
T860 8 447 2094 2095 2096 567 1114 1113 5
T861 9 133 140 2263 1060 606 2260 1954 1943 5
T866 5 24 2264 564 1013 5
T867 5 2265 2266 2255 792 5
T864 11 346 2267 2268 210 2269 1927 1619 34 2268 194 5
T865 5 24 2270 2264 564 5
T1358 10 387 962 461 756 165 81 108 724 2271 5
T1359 7 387 962 461 756 165 2272 5
T1356 10 14 69 389 849 384 2273 387 164 767 5
T1357 10 14 69 384 2274 461 389 266 41 456 5
T1354 3 2275 2276 5
T1355 2 2276 5
T1352 5 582 24 1336 584 5
T1353 5 24 582 584 1336 5
T1350 8 2277 735 1960 2278 23 1698 2279 5
T1351 6 2277 735 1960 2278 2279 5
T468 10 202 1164 23 572 258 301 2280 8 2200 5
T469 9 202 1164 56 1197 458 2200 1457 76 5
T466 5 1373 501 1491 1373 5
T467 7 582 2281 2282 501 2283 296 5
T464 13 32 2284 1303 2285 354 23 32 2285 2286 329 2285 2287 5
T465 13 32 2284 1303 2285 354 23 32 2285 2286 329 2285 2288 5
T462 7 1833 828 2289 2284 53 2290 5
T463 8 69 2289 2284 1833 49 2291 91 5
T460 5 69 2251 2292 502 5
T461 8 24 2293 73 2292 502 75 2251 5
T714 8 266 2294 2295 212 388 2296 2297 5
T715 3 2298 2298 5
T716 2 2298 5
T717 5 81 246 2299 2300 5
T710 11 31 32 211 775 37 38 39 5 40 41 5
T711 6 24 296 2301 354 1926 5
T712 6 24 34 2302 296 2301 5
T713 4 243 2303 1815 5
T718 4 301 246 2304 5
T719 5 714 2305 715 1290 5
T484 12 768 65 2306 2307 67 23 14 2308 1916 2309 1045 5
T485 10 65 2306 2307 67 23 14 2308 2309 1045 5
T486 7 2310 2311 762 348 768 2312 5
T487 7 2310 2311 762 12 2313 2173 5
T480 4 2314 2315 2316 5
T481 4 2314 2317 2316 5
T482 24 2318 1860 103 1058 2319 103 472 246 707 23 73 109 454 301 2320 2321 75 103 300 1000 1860 1482 2319 5
T483 26 69 828 223 262 1815 164 2322 23 472 23 1482 23 1141 23 828 23 302 23 801 23 1058 5 69 2323 2324 5
T488 7 1105 554 435 1108 1103 435 5
T489 14 554 2325 353 31 23 1410 554 1103 73 554 435 1103 75 5
T1426 3 1344 16 5
T1381 4 1155 2326 1450 5
T1380 5 2327 23 1155 2326 5
T1383 8 2328 95 5 2329 67 386 25 5
T1770 4 349 2330 1768 5
T1771 3 159 323 5
T1772 3 163 623 5
T1382 5 2331 351 23 2332 5
T1774 10 514 84 1444 282 2333 345 21 2334 2335 5
T1775 9 84 1444 282 2333 2336 21 2334 2335 5
T1776 5 112 1150 1212 103 5
T1777 4 112 1212 103 5
T1778 8 242 2337 41 282 875 702 1830 5
T1385 7 2338 603 1118 1518 2339 243 5
T1384 5 725 1664 603 1118 5
T1576 3 2340 2341 5
T1577 3 2342 2341 5
T1574 8 2343 2344 164 1968 2345 5 23 5
T1575 7 243 1968 2345 2343 2344 190 5
T1572 5 2346 2347 2348 1524 5
T1387 5 304 85 2349 914 5
T1570 9 166 534 850 2350 2351 2352 2353 296 5
T1571 11 166 534 2354 1252 2355 2350 2351 164 2356 296 5
T1386 5 304 85 2349 914 5
T1578 14 266 2357 1575 2358 1575 903 170 53 73 2359 2360 392 75 5
T1579 12 869 95 2361 444 1223 122 251 694 2357 392 1575 5
T14 3 44 2362 5
T15 3 1303 2362 5
T16 5 164 2363 18 2364 5
T17 8 164 65 34 67 18 65 67 5
T10 12 2365 9 2366 2307 2367 1971 2367 1587 1765 32 346 5
T11 13 145 2368 2366 73 2307 23 1971 2369 2366 75 32 346 5
T12 3 862 2370 5
T13 8 422 2371 179 1496 269 556 318 5
T18 10 2372 73 83 75 9 1838 2373 2374 2375 5
T19 6 1838 2372 2375 553 754 5
T1881 5 1769 1831 194 102 5
T293 5 44 681 334 1390 5
T490 4 85 582 2376 5
T295 15 69 258 966 614 478 2304 828 925 1081 1698 85 1235 1482 614 5
T1828 6 32 675 935 227 224 5
T1829 6 14 675 935 224 542 5
T1820 9 2377 2091 2092 23 1189 1416 23 2378 5
T1821 8 1617 756 2294 2379 1793 260 726 5
T1822 5 2380 614 2381 204 5
T1823 8 14 69 12 806 2382 269 147 5
T1824 5 552 2383 740 603 5
T1825 6 531 552 25 740 603 5
T1826 3 1574 2384 5
T1827 3 1574 2384 5
T294 15 69 258 478 1059 2385 41 2386 828 98 98 85 1235 124 2386 5
T297 10 648 994 84 654 556 2387 1482 2388 2155 5
T1914 5 26 1074 1175 2389 5
T664 7 14 487 1373 501 2390 1556 5
T1916 7 444 248 183 669 585 2391 5
T1917 5 50 183 669 444 5
T1910 8 2392 458 2393 2394 874 2395 639 5
T1911 10 458 2392 2394 874 2395 339 874 2396 639 5
T1912 4 300 130 131 5
T665 13 2397 1206 1636 2390 121 5 1481 1913 2398 2390 469 1692 5
T1918 6 266 632 707 784 258 5
T666 10 648 2399 278 85 888 2214 2215 800 2400 5
T915 3 756 2207 5
T296 9 648 84 654 957 2401 2402 2403 2388 5
T912 6 603 597 95 1105 2404 5
T913 8 1150 2208 301 2209 2210 2211 2212 5
T292 5 84 334 1390 2405 5
T1654 3 95 1272 5
T662 4 246 2406 2407 5
T911 6 603 597 884 1312 806 5
T291 10 32 2408 1527 1293 38 646 1621 705 2409 5
T290 10 32 2410 1527 1293 38 646 1621 705 2409 5
T1083 11 14 85 2411 384 1429 677 1013 2412 976 1174 5
T1658 6 1165 1168 1278 475 2413 5
T1178 4 572 782 603 5
T1179 2 131 5
T1172 9 14 695 200 458 1583 2414 23 6 5
T1173 6 183 1842 95 2415 595 5
T1170 4 1150 1491 1373 5
T1171 17 14 1604 861 1957 774 1603 2416 2417 23 2418 2419 23 927 329 1300 301 5
T1176 6 2420 23 1086 2421 464 5
T1177 6 344 603 5 782 514 5
T1174 6 2422 105 1842 95 2415 5
T1175 4 1086 2421 464 5
T1490 10 84 922 1286 1287 2423 2424 2425 373 1288 5
T909 7 1120 2219 2426 103 2427 2219 5
T908 20 2428 2429 1481 2430 2431 28 1077 2432 2433 2431 2434 1303 1580 929 1961 103 32 2429 2435 5
T679 4 24 193 194 5
T678 5 24 193 194 2436 5
T677 3 2437 481 5
T900 4 301 282 1230 5
T903 6 246 2438 2425 2439 511 5
T674 17 661 2440 466 468 764 49 2421 933 103 466 2441 468 2421 469 470 2442 5
T673 12 345 2443 1527 373 572 301 1310 2444 2445 130 305 5
T672 9 14 32 2446 164 2447 2448 118 591 5
T907 5 1481 671 1009 2434 5
T906 4 509 510 887 5
T1219 13 84 1323 591 2227 2202 205 1738 262 1467 1451 223 591 5
T1218 10 163 787 81 2449 2450 2451 337 2435 389 5
T1217 17 1399 2450 1652 2452 389 2215 2453 392 103 69 1054 2454 299 2450 834 103 5
T1216 6 32 232 2455 105 1324 5
T1215 6 232 2455 105 77 1324 5
T1214 6 30 254 1141 1138 56 5
T1213 7 30 254 1141 163 903 170 5
T1212 6 296 84 171 2456 1491 5
T1211 8 296 2456 304 1491 1235 1542 603 5
T1210 7 246 2457 1568 2458 236 2458 5
T273 6 32 1533 486 294 2459 5
T272 7 32 1533 486 294 2460 2459 5
T271 3 679 12 5
T270 3 679 675 5
T277 15 2461 550 1482 21 85 347 2462 350 23 350 2463 5 2464 350 5
T276 5 85 350 347 550 5
T275 5 243 2465 2466 1524 5
T274 7 2467 2468 243 179 2465 2466 5
T279 4 301 603 2469 5
T278 4 2470 603 2469 5
T875 13 395 224 542 1203 1133 875 702 1760 1763 5 489 1999 5
T874 7 1840 2471 2472 2473 2474 252 5
T877 9 32 2475 2476 2477 2478 301 2479 344 5
T876 8 395 1910 875 702 1760 1763 220 5
T871 7 14 555 109 404 2480 53 5
T870 7 133 9 2481 1482 2256 472 5
T873 7 2474 296 1191 2471 2472 2473 5
T872 4 14 404 2480 5
T879 5 2482 2483 45 1019 5
T878 6 300 1531 2476 258 2484 5
T1369 4 984 95 774 5
T1368 3 984 774 5
T1363 8 14 109 2071 2485 101 220 27 5
T1362 8 648 2486 998 903 2071 220 27 5
T1361 22 2487 1757 108 1036 1576 2488 1036 23 108 2489 2490 994 103 69 1583 2491 1981 32 2487 1757 2492 5
T1360 6 1303 546 2122 2493 2494 5
T1367 6 258 564 956 2274 2495 5
T1366 9 32 38 1069 2496 564 2274 2495 2497 5
T1365 16 1268 209 357 2498 2499 73 58 75 23 806 2500 2501 5 140 211 5
T1364 9 397 2502 2498 23 32 344 2501 58 5
T479 16 444 32 1574 2503 304 2000 385 184 193 5 582 385 2504 1574 2112 5
T478 7 24 2505 2000 385 2506 2503 5
T471 7 14 923 216 1915 127 806 5
T470 5 14 1310 216 1915 5
T473 6 2507 191 2508 2509 2510 5
T472 6 2507 191 828 52 1508 5
T475 6 301 24 258 2511 2512 5
T474 9 2511 2512 2513 570 23 69 703 164 5
T477 8 144 1178 24 1119 184 860 2514 5
T476 9 456 144 1178 24 1119 1945 2515 2514 5
T707 8 2516 220 1813 695 73 2517 75 5
T706 10 31 32 2518 37 38 39 5 40 41 5
T705 11 31 32 2519 564 37 38 39 5 40 41 5
T704 5 660 582 163 2520 5
T703 9 988 2521 124 267 269 1512 267 269 5
T702 10 382 1511 124 267 269 1512 267 269 2522 5
T701 10 1748 261 196 9 277 2523 86 1258 585 5
T700 10 1748 261 196 9 277 2523 86 2524 585 5
T709 11 31 32 2525 775 37 38 39 5 40 41 5
T708 16 145 1813 98 725 183 2526 2527 103 774 278 5 145 747 1560 1813 695
T497 7 24 873 2528 335 801 52 5
T347 15 2529 1448 627 628 2530 23 626 2530 23 2531 2530 23 1552 103 5
T495 11 2532 73 2394 503 75 9 473 2532 49 2533 5
T494 5 14 2532 49 473 5
T493 3 2534 2535 5
T492 3 2534 2535 5
T491 6 44 258 1131 2376 582 5
T610 12 448 2536 261 2537 103 448 81 261 220 299 21 5
T613 7 452 129 303 2193 2538 1750 5
T499 8 64 2127 1208 64 489 1080 12 5
T498 8 2539 2127 1208 1478 458 1080 12 5
T612 10 206 619 616 1341 617 5 561 2540 206 5
T615 5 24 582 2000 2541 5
T614 7 452 758 2193 1642 2538 1750 5
T617 4 14 483 2542 5
T616 6 44 582 1249 448 2541 5
T127 6 14 265 85 1681 1001 5
T1789 4 246 2543 2544 5
T1788 6 246 2545 979 5 523 5
T1785 3 24 2546 5
T1784 4 24 2546 2547 5
T1787 6 2548 2549 294 164 565 5
T1786 6 2550 2549 565 5 869 5
T1781 5 24 962 389 461 5
T1780 6 24 962 389 163 461 5
T1783 9 127 2551 12 2552 1747 810 104 1440 5
T1782 15 2551 12 531 154 1817 265 810 5 2551 12 948 824 248 2553 5
T1543 6 510 2554 216 164 1538 5
T1542 6 510 2555 216 164 1538 5
T1541 5 930 1243 469 741 5
T1540 4 357 1243 741 5
T1547 4 83 50 710 5
T1546 5 2556 83 50 710 5
T1545 7 289 2557 9 50 2558 318 5
T1544 17 14 572 1325 768 289 318 50 572 282 5 81 694 464 289 318 1345 5
T1549 3 2559 296 5
T1548 5 1071 2559 296 605 5
T223 6 14 27 28 29 30 5
T29 14 1572 357 2502 98 2560 2561 260 806 5 329 2562 1572 1933 5
T28 14 1572 357 2502 98 2560 2561 260 806 23 329 2562 1572 714 5
T21 8 25 2563 434 2564 2565 147 2566 5
T20 8 2567 300 2568 2569 164 2570 2571 5
T23 4 625 238 1306 5
T22 5 890 300 238 1306 5
T25 5 50 355 720 95 5
T24 5 50 355 720 95 5
T27 4 552 2425 80 5
T26 5 552 2425 80 282 5
T1451 15 145 2572 21 22 323 302 551 1058 2573 707 2574 2575 632 707 5
T1450 3 305 810 5
T1453 7 14 1020 1021 1022 660 2576 5
T1452 12 2577 23 707 2578 2575 323 2579 2580 632 323 707 5
T1455 5 14 2158 658 2581 5
T1454 11 246 110 754 348 1314 582 1553 2158 658 806 5
T1457 8 648 32 654 582 44 413 2582 5
T1456 4 14 2583 2584 5
T1459 12 2585 2586 1399 2587 2588 337 2178 2226 337 758 2589 5
T1458 9 2585 407 182 2590 23 2591 2207 2592 5
T1592 6 1183 2593 34 703 2594 5
T1593 8 232 2595 703 53 50 1183 707 5
T1594 8 2596 2597 2598 2599 2600 2601 2602 5
T1595 8 2596 2597 2598 2599 2600 2601 2603 5
T1596 6 1074 101 2280 1081 959 5
T1597 23 2604 775 32 109 2605 2606 5 460 2606 1189 85 124 2607 946 837 2608 501 45 85 731 837 1453 5
T285 5 24 2139 349 2609 5
T946 19 1049 8 2153 2610 840 1831 127 2611 61 2612 73 2613 23 61 1267 1115 103 75 5
T1961 6 129 128 8 1077 122 5
T1960 6 355 129 128 8 122 5
T1963 8 14 85 750 2614 2335 2615 1625 5
T1962 5 14 1154 2616 12 5
T1965 5 744 1147 1243 1511 5
T1964 5 744 1147 1511 1243 5
T1967 8 1163 198 9 2408 301 269 262 5
T1966 4 2617 399 2408 5
T1969 12 81 258 89 269 2618 1875 2619 1154 2620 260 5 5
T1968 11 2621 2619 1293 2618 2620 260 5 246 474 442 5
T289 6 395 1650 1651 2622 1653 5
T8 13 124 2623 2284 2624 1824 23 2625 23 2626 2627 2628 2629 5
T9 6 2630 84 2190 2625 2284 5
T6 7 14 748 531 2631 5 2632 5
T7 15 300 2633 2634 444 2635 2636 2637 793 2638 2634 2639 2635 2640 2641 5
T4 7 159 912 754 2642 164 2643 5
T5 6 754 912 159 1838 2644 5
T2 7 1665 2645 73 2646 75 2647 5
T3 12 84 206 161 542 2648 2645 73 2646 75 2647 8 5
T0 8 980 980 2649 873 90 1769 220 5
T1 7 980 980 2649 873 90 1769 5
T1147 6 133 2650 554 87 2651 5
T1146 7 14 12 973 603 1179 1118 5
T1145 8 32 65 25 357 1637 67 344 5
T1144 6 246 123 2390 354 2652 5
T1143 5 246 2652 2390 123 5
T1142 7 2653 735 2654 2655 399 220 5
T1141 7 2653 735 2654 2655 399 2656 5
T1140 6 133 140 1612 198 1575 5
T1149 28 868 2657 1482 2658 2659 771 2660 23 2661 515 2662 2663 2664 23 2665 2666 2667 2668 2669 2670 49 2129 301 2131 2671 1055 2672 5
T1148 5 133 2650 554 87 5
T398 10 326 2673 875 702 1760 1763 242 2337 2527 5
T399 10 1478 1759 2030 2031 1760 1763 242 2337 1769 5
T648 5 282 373 104 1913 5
T649 5 454 104 1279 1437 5
T390 5 183 1654 37 282 5
T391 5 282 183 1654 37 5
T392 7 2517 304 32 729 216 2674 5
T393 5 14 12 729 25 5
T394 7 2489 1491 1601 792 210 13 5
T395 6 81 2489 1491 1601 792 5
T396 4 116 2023 412 5
T397 4 116 2023 412 5
T1208 5 2604 2675 2676 1801 5
T1209 9 246 738 2677 1936 1568 5 23 14 5
T1200 3 563 564 5
T1201 7 301 2046 2678 2047 163 2082 5
T1202 7 2046 2047 1829 1665 163 2082 5
T1203 4 300 2679 559 5
T1204 3 2679 559 5
T1205 8 14 32 2680 1074 2681 2682 2683 5
T1206 9 14 32 122 608 1036 2683 43 942 5
T1207 5 2684 2685 2604 2675 5
T248 4 509 1842 95 5
T249 6 2686 2687 2688 476 1544 5
T246 4 2689 2690 31 5
T247 4 2689 2690 122 5
T244 6 1282 824 557 2691 1691 5
T245 6 1282 824 2689 2691 1691 5
T242 6 246 2692 156 2693 156 5
T243 9 1081 156 27 1298 254 23 84 225 5
T240 6 14 389 1134 304 2694 5
T241 8 461 389 469 85 1134 304 984 5
T800 8 840 1304 2695 23 2696 242 603 5
T801 8 2697 1401 715 1833 2698 2698 483 5
T802 8 2697 783 1833 2698 77 2698 483 5
T803 4 85 2072 1025 5
T804 4 278 2699 1025 5
T805 7 32 2700 2701 301 1707 2702 5
T806 5 32 2700 2703 2702 5
T807 4 296 2704 2705 5
T808 5 81 44 2704 296 5
T809 12 2310 345 572 788 23 32 109 132 792 23 2313 5
T1374 8 84 326 875 702 321 1763 1910 5
T1375 17 14 2706 2707 1910 22 875 702 321 1763 23 562 38 875 2708 321 1763 5
T1376 3 24 1597 5
T1377 3 44 1597 5
T1370 7 129 164 2709 2710 2296 2297 5
T1371 6 164 2296 2297 2661 2711 5
T1372 4 24 296 392 5
T1373 4 24 392 296 5
T1378 6 14 98 49 1981 1935 5
T1379 6 14 12 49 1981 1935 5
T1684 3 1306 850 5
T1685 5 1306 112 301 850 5
T1686 5 1387 2712 77 2713 5
T1687 6 77 2713 2597 2714 1387 5
T1680 6 28 503 181 2051 2715 5
T1681 7 84 225 2716 181 2717 2718 5
T732 13 2719 2720 2721 301 2722 23 14 32 1198 2723 935 648 5
T733 4 127 2724 2725 5
T730 7 2726 9 201 202 2727 2728 5
T731 5 14 166 2722 2720 5
T736 6 130 282 1592 345 2729 5
T737 4 458 2730 2681 5
T734 4 1664 2724 2725 5
T735 6 2731 130 282 1592 345 5
T738 5 84 458 2730 2681 5
T739 18 2732 1207 1573 2733 21 22 23 2734 22 23 2735 21 22 23 2736 21 22 5
T1688 6 337 2737 2738 2739 2740 5
T1689 8 301 940 258 337 2737 2738 2739 5
T1587 7 24 1621 873 48 371 664 5
T1798 7 24 2741 2742 73 884 75 5
T1799 6 24 1783 2743 884 252 5
T1796 10 337 2744 28 1702 73 2744 2745 75 2746 5
T1797 7 85 1547 106 2747 2748 2749 5
T1794 17 1244 2750 73 1244 35 1190 2751 2420 75 85 267 2752 73 2753 75 797 5
T1795 7 48 85 2754 797 1244 2750 5
T1792 5 14 1905 1572 660 5
T1793 5 14 2755 1572 660 5
T1790 5 2756 2757 1623 144 5
T1791 4 2758 1623 144 5
T1558 15 553 456 194 585 84 723 101 2322 2023 2268 1399 190 196 448 5
T1559 7 1564 553 456 196 190 1063 5
T1554 7 2759 745 2760 179 2761 2762 5
T1555 13 745 2763 2764 179 1769 1323 73 2765 103 2766 2759 75 5
T1556 5 24 1968 2767 2768 5
T1557 5 1968 303 2767 2768 5
T1550 14 164 1695 127 1779 95 2769 1156 2770 2771 669 183 6 2185 5
T1551 9 1779 2772 95 23 797 707 2769 1156 5
T1552 7 124 95 23 2327 439 2085 5
T1553 7 95 552 9 2327 439 2085 5
T38 6 24 223 1769 189 2773 5
T39 6 24 223 1769 189 2774 5
T36 10 14 69 384 2274 849 389 2775 387 767 5
T37 9 14 12 461 384 389 387 2273 767 5
T34 7 14 130 132 305 345 2776 5
T35 5 345 572 2776 130 5
T32 4 32 2777 344 5
T33 4 32 2777 344 5
T30 11 84 202 1197 344 1527 1584 1813 98 2778 2560 5
T31 10 202 1197 489 98 2155 806 1002 448 806 5
T110 4 2110 85 2779 5
T338 9 50 603 443 1150 603 2780 748 485 5
T339 18 14 485 2780 12 603 5 176 460 131 23 305 23 2781 2782 2780 103 1369 5
T111 7 447 193 282 2779 1587 2783 5
T334 11 1652 339 41 1077 629 216 41 1077 629 216 5
T335 9 1652 9 65 629 67 65 629 67 5
T1972 4 603 43 103 5
T1973 4 603 43 103 5
T1970 10 2784 2785 1026 2786 1026 2787 2788 2789 2790 5
T1971 4 2788 2789 669 5
T1976 6 84 1687 258 2791 2792 5
T1977 5 2793 258 2791 2792 5
T1974 4 862 2794 714 5
T1975 4 862 2794 1661 5
T1978 9 2795 2796 735 2797 240 2798 23 2397 5
T1979 5 2799 2397 735 2797 5
T686 6 2513 2160 1824 2800 1069 5
T687 6 282 455 2801 1824 2800 5
T684 12 14 1476 345 1314 41 2802 5 109 130 300 643 5
T1150 8 32 563 2567 1086 302 1059 21 5
T1151 4 81 2803 986 5
T1152 3 2803 28 5
T1153 4 271 122 448 5
T1154 5 271 122 183 448 5
T1155 4 2684 2005 2804 5
T1156 9 129 598 2805 980 472 2318 21 2806 5
T1157 7 903 2807 2808 38 2114 2809 5
T1158 7 2807 2808 664 348 2114 2809 5
T934 8 44 1854 189 2112 1160 1854 196 5
T935 7 38 1872 1859 1860 1834 2810 5
T680 4 328 1861 1935 5
T937 13 38 2811 124 555 109 2642 754 77 1937 103 81 561 5
T831 5 2021 1752 1752 1753 5
T526 3 200 840 5
T833 7 2812 12 1150 2813 2814 2815 5
T389 7 903 2146 2040 1569 5 2816 5
T388 5 903 2146 2817 147 5
T383 5 1150 2818 348 459 5
T382 3 1150 2818 5
T381 5 87 6 133 2819 5
T380 5 87 44 133 2819 5
T387 7 196 2489 2454 2820 555 196 5
T386 9 24 2821 196 903 2820 555 2822 134 5
T385 4 2823 2824 2825 5
T384 4 1636 2824 2825 5
T1773 5 163 623 5 1005 5
T837 5 133 2551 81 124 5
T836 6 14 1829 109 1491 1373 5
T259 4 1155 2826 220 5
T258 4 1155 2827 220 5
T251 7 14 32 380 1164 2828 2829 5
T250 15 14 32 380 1279 2830 2831 2832 73 2833 75 1100 23 2828 2829 5
T253 3 344 1086 5
T252 4 344 1086 1876 5
T255 5 2834 439 475 2835 5
T254 7 2836 1104 2834 439 475 2835 5
T257 11 85 1207 1539 85 1539 2837 2838 220 2839 37 5
T256 12 282 183 2838 220 2839 5 681 2840 124 946 21 5
T1779 14 2841 321 103 875 321 103 702 1763 489 242 2337 87 220 5
T813 11 14 2842 2477 2843 65 2844 1115 301 840 67 5
T812 8 309 2845 164 2846 2847 2575 1043 5
T811 10 1462 1584 2848 934 23 69 934 303 2849 5
T810 19 345 145 455 2227 1437 572 282 32 109 923 625 792 282 132 103 14 572 258 5
T817 14 648 32 2850 357 122 5 2851 2852 21 23 2851 350 2853 5
T816 4 163 2854 2855 5
T815 3 2854 2855 5
T814 12 14 32 2842 2411 2843 65 2844 1115 301 840 67 5
T819 5 664 434 130 572 5
T818 13 648 348 301 2850 357 1240 1118 603 2856 2857 2852 21 5
T1301 6 1623 938 1969 173 2858 5
T1300 7 81 1623 938 1969 628 2858 5
T1303 4 2859 723 2860 5
T1302 7 73 487 75 2859 278 2860 5
T1305 7 85 2861 1597 2862 198 82 5
T1304 11 85 2863 532 738 1597 81 1597 2862 198 82 5
T1307 5 382 305 2864 495 5
T1306 6 300 2865 305 2864 495 5
T1309 4 104 839 2866 5
T1308 3 839 2866 5
T655 2 2867 5
T654 2 2867 5
T657 3 984 1903 5
T656 4 124 159 1903 5
T651 6 725 36 2123 81 29 5
T650 7 1400 2274 1237 1437 104 1279 5
T653 5 282 113 2868 2869 5
T652 4 282 113 2868 5
T659 14 348 2870 2871 5 127 2865 2872 2871 2870 23 85 837 348 2873
T658 11 625 65 2865 2871 67 2870 109 81 2874 2871 5
T1573 5 2346 2875 2348 1524 5
T729 10 1196 277 1613 1196 9 201 202 2727 2728 5
T728 4 1131 227 224 5
T725 4 116 44 2876 5
T724 7 1431 2087 933 767 768 743 5
T727 6 1131 1539 2090 227 224 5
T726 3 44 2876 5
T721 27 300 2877 2878 2346 2634 444 2635 2879 73 2880 75 2881 2637 472 2638 2637 1482 2638 2882 2637 1141 2638 2883 2634 2639 2635 5
T720 4 1290 1207 714 5
T723 6 2884 933 767 768 743 5
T722 20 84 300 2877 2346 2634 444 2635 2885 2637 2886 339 2887 2638 2637 2888 2638 2634 2639 2635 5
T1670 3 14 459 5
T1419 4 951 1355 1356 5
T1418 18 448 2889 184 860 103 2890 2891 555 109 1036 2892 193 196 103 2893 2894 710 5
T1415 3 2895 2896 5
T1414 4 475 1118 2445 5
T1417 8 2783 2897 628 2898 2899 1312 80 5
T1416 7 32 1152 2895 329 2677 2900 5
T1411 8 24 1390 1675 2901 252 1673 1815 5
T1410 4 14 935 786 5
T1413 4 2902 475 1118 5
T1412 7 301 44 1673 1390 1675 318 5
T1676 7 124 984 1793 1135 1977 2435 5
T1529 20 1966 908 2903 789 2904 2880 966 73 2905 1735 2573 75 2880 2906 23 32 372 2020 1533 5
T1528 6 2907 2908 2909 357 122 5
T1521 5 14 2910 275 1300 5
T1520 10 32 81 124 2911 387 2912 2913 2914 2915 5
T1523 31 2634 444 2635 2916 2637 2917 2638 2918 2637 2880 2919 2920 2638 2921 2637 472 2638 2637 2880 2638 2922 2637 2923 2638 2637 2924 2638 2634 2639 2635 5
T1522 26 2634 444 2635 2880 2634 2639 2635 2634 444 2635 2925 73 2926 2637 472 2638 2637 2880 2638 2927 75 2928 2634 2639 2635 5
T1525 4 1150 127 104 5
T1524 18 2929 2930 531 1112 572 103 1314 1374 1635 301 2931 2932 103 1150 1212 1001 305 5
T1527 3 1432 1146 5
T1526 5 1432 1146 5 183 5
T1635 4 2933 876 220 5
T1634 5 542 2934 876 220 5
T1637 6 32 65 2935 67 344 5
T1636 10 301 344 65 182 2936 903 2937 2873 65 5
T1631 7 348 2938 1870 2681 1665 80 5
T1630 7 348 1971 1190 2681 1665 80 5
T1633 6 24 258 706 2939 220 5
T1632 5 212 706 2939 220 5
T1639 8 24 170 2675 38 21 2420 2819 5
T1638 8 24 170 2675 38 21 1945 2819 5
T1582 10 124 44 9 2940 23 1689 23 1693 123 5
T1899 3 116 2941 5
T1898 4 116 1369 130 5
T1891 6 24 102 30 448 1210 5
T1890 5 301 24 102 30 5
T1893 7 14 1020 1021 1022 660 2942 5
T1892 7 14 1020 1021 1022 660 2943 5
T1895 14 14 32 2877 2944 73 2322 2873 75 847 124 73 472 75 5
T1894 3 205 2322 5
T1897 6 24 340 122 452 1064 5
T1896 5 24 2170 452 1064 5
T1949 13 2108 365 23 2945 23 248 2083 246 23 248 23 2781 5
T1948 4 2946 2947 248 5
T1947 13 507 660 1128 1129 23 32 1129 301 775 329 2948 301 5
T596 8 456 508 849 1916 1917 710 836 5
T1945 7 1313 50 452 962 1576 34 5
T1944 8 1313 50 452 962 1576 34 1051 5
T1943 8 357 188 463 262 2949 1051 743 5
T1942 7 357 2950 743 301 463 262 5
T1941 4 300 44 958 5
T849 6 24 2105 582 2951 193 5
T1091 5 1838 104 2081 743 5
T1090 13 212 447 2952 2953 542 189 2954 2955 2956 392 2520 144 5
T1093 5 282 448 444 2957 5
T1092 5 1838 1512 2081 743 5
T1095 4 24 597 603 5
T1094 5 266 2958 862 2957 5
T1097 4 725 463 764 5
T1096 5 660 597 95 603 5
T1099 10 202 301 1197 489 161 98 1002 2959 806 5
T1098 5 24 463 764 37 5
T598 4 301 344 603 5
T847 7 32 572 1797 2960 1373 501 5
T1159 4 14 132 1197 5
T116 16 2961 930 742 103 555 109 740 742 741 2202 1166 1242 2962 2963 103 5
T117 11 555 109 740 742 741 1166 1242 103 744 2964 5
T114 5 44 2965 534 2966 5
T115 4 24 2965 534 5
T112 3 2967 305 5
T113 8 131 2968 362 572 305 1414 1369 5
T282 4 44 1069 2969 5
T283 4 300 44 2969 5
T280 3 2970 255 5
T281 14 2970 255 2818 2971 785 2972 1877 2973 5 32 1164 2974 2974 5
T538 5 424 23 664 84 5
T539 6 85 553 1773 1774 1775 5
T284 8 124 6 2975 617 2976 2977 616 5
T829 5 14 2978 2979 384 5
T534 10 648 122 32 903 95 267 764 464 1639 5
T535 4 459 1169 345 5
T536 9 50 1034 1169 316 23 2980 161 345 5
T537 3 664 424 5
T530 9 1024 1134 1135 85 2304 769 2574 2981 5
T531 14 1089 1553 23 946 2982 847 80 2983 2984 659 23 2985 1010 5
T532 13 1560 9 2982 824 2986 801 2388 48 5 2987 77 1089 5
T533 11 69 52 32 903 632 2988 464 267 764 1639 5
T1312 3 85 384 5
T1313 3 85 384 5
T1310 2 1942 5
T1311 3 1942 505 5
T1316 5 24 758 2989 2990 5
T1317 5 24 2989 591 2990 5
T1314 7 48 2991 926 2992 1229 2993 5
T1315 10 48 32 2994 1229 975 2993 5 2995 2962 5
T1318 6 32 572 2996 987 220 5
T1319 5 32 572 2997 220 5
T1580 4 1677 1678 2998 5
T620 7 32 467 611 1164 609 1233 5
T621 4 2999 1630 27 5
T622 4 2999 1630 1935 5
T623 8 24 387 946 21 2806 452 962 5
T624 14 24 3000 1710 2806 73 124 946 21 75 452 134 452 962 5
T625 5 24 534 7 3001 5
T626 6 534 3002 3003 3004 3001 5
T627 5 624 3005 1240 211 5
T628 5 434 918 1240 211 5
T629 4 1240 3006 2346 5
T758 6 3007 3008 3009 3010 3011 5
T759 5 14 765 948 766 5
T750 8 24 31 1300 85 1642 1082 861 5
T751 4 3012 3013 1704 5
T752 4 3012 3013 1704 5
T753 6 1341 44 1862 738 220 5
T754 5 3014 44 2565 1341 5
T755 10 14 32 3015 124 301 2858 3016 3017 3018 5
T756 8 475 326 258 567 3019 3017 3018 5
T757 8 124 6 2304 3009 3010 3009 3011 5
T1408 7 14 109 572 282 1212 624 5
T1409 5 14 3020 935 786 5
T1406 6 81 44 553 456 2365 5
T1407 7 14 109 572 3021 1140 2456 5
T1404 5 84 24 122 123 5
T1405 6 2213 44 553 456 2365 5
T1402 5 246 184 860 861 5
T1403 6 246 184 860 184 861 5
T1400 5 3022 389 461 384 5
T1401 4 3022 389 384 5
T422 25 1568 183 3023 768 656 657 239 463 269 5 14 463 83 32 109 967 3024 3023 269 446 768 656 469 1568 5
T423 7 14 109 269 3025 656 3023 5
T1538 6 507 246 602 3026 103 5
T1539 7 246 602 23 3027 23 3026 5
T1532 10 31 806 1293 271 1422 271 1749 399 989 5
T1533 10 31 806 1293 645 1422 271 1749 399 989 5
T1530 5 3028 1850 3029 24 5
T1531 6 101 3012 3028 1850 3029 5
T1536 7 65 2346 67 3030 2346 193 5
T1537 3 2346 193 5
T1534 15 444 116 3031 3032 585 3033 103 984 444 2954 3034 1575 335 21 5
T1535 32 132 3035 103 1154 182 3036 1757 585 966 73 2103 444 75 103 903 472 21 1076 3037 1575 3038 23 3039 23 1552 103 325 598 984 335 21 5
T421 10 936 937 2962 3040 3041 3042 84 3043 3044 5
T1626 13 69 510 783 304 95 3045 1652 2567 140 3045 3046 5 5
T1627 5 85 24 1135 3045 5
T1624 6 1935 3047 3048 1689 3049 5
T1625 7 3019 1689 3049 3050 1935 3047 5
T1622 9 50 130 3051 275 599 261 404 459 5
T1623 4 116 3052 1659 5
T1620 10 65 3053 2551 67 3054 1902 1197 23 3055 5
T1621 5 38 1902 1197 5 14
T1628 3 3056 3057 5
T1629 4 14 3056 3057 5
T426 5 2380 215 83 3058 5
T1504 5 3059 258 3040 294 5
T427 5 1074 215 83 3058 5
T1888 17 362 654 458 3060 751 440 532 38 39 50 3061 1374 122 300 3062 2681 5
T1889 11 32 3063 706 654 458 3064 440 282 3065 3066 5
T1882 6 648 3067 998 3068 1929 5
T1883 8 648 32 3067 998 3068 1929 380 5
T1880 6 38 1769 1831 194 102 5
T1508 6 1374 3069 3070 2562 695 5
T1886 3 3071 3072 5
T1887 5 938 1969 3071 3072 5
T1884 6 720 258 1929 710 456 5
T1885 4 1929 710 754 5
T1958 8 334 459 3073 73 3074 296 75 5
T1959 8 334 459 3075 73 3074 296 75 5
T1950 4 44 296 1491 5
T1951 4 24 296 1491 5
T1952 7 967 3076 469 470 2421 3077 5
T1953 6 1675 3076 933 469 470 5
T1954 4 85 452 3078 5
T1955 5 85 452 767 3078 5
T1956 7 14 3079 3080 216 3081 3082 5
T1957 12 3079 3080 73 3083 582 75 9 345 3084 301 3085 5
T1082 12 664 705 267 464 116 3086 1141 21 169 464 686 5
T1125 4 1929 710 238 5
T1080 6 3087 183 269 871 870 5
T1081 3 3088 861 5
T1086 4 80 2610 840 5
T1087 5 32 572 282 956 5
T1084 15 3089 184 3090 34 193 469 2893 3091 21 2515 1642 161 861 261 5
T1085 3 2610 840 5
T1088 7 32 572 282 1369 3092 69 5
T1089 5 129 555 3033 860 5
T1127 4 246 1411 1786 5
T1126 4 50 710 238 5
T1121 11 14 384 1408 619 389 767 23 1528 23 380 5
T1120 7 24 170 173 634 261 98 5
T1123 4 84 1371 30 5
T1122 7 14 69 389 1528 389 384 5
T839 4 301 1925 215 5
T838 4 124 95 2551 5
T299 8 903 2548 3093 472 53 565 566 5
T298 9 1058 53 138 2548 2549 129 3094 3095 5
T529 7 69 1134 1135 2981 390 3096 5
T528 4 60 183 929 5
T527 4 85 200 840 5
T830 3 2978 2979 5
T525 7 887 38 21 301 391 1945 5
T524 6 38 21 301 391 1945 5
T523 3 2376 3097 5
T522 5 167 2867 2376 3097 5
T521 7 1570 1571 1080 515 1583 1982 5
T520 9 64 65 1080 515 3098 67 1570 1571 5
T1329 11 3099 3100 3101 1002 2376 81 582 5 23 183 5
T1328 10 14 109 3099 3100 3102 435 3103 1931 3104 5
T1327 4 806 1196 3105 5
T1326 4 806 1196 3105 5
T1325 5 50 3106 3107 2269 5
T1324 6 50 1303 3107 2269 1303 5
T1323 6 206 3108 1043 2155 53 5
T1322 6 206 3108 1043 2155 53 5
T1321 5 660 2108 3109 2207 5
T1320 4 612 2108 2207 5
T1915 4 1074 232 1364 5
T633 4 29 905 254 5
T632 13 12 346 65 109 1314 886 103 67 32 1879 344 886 5
T631 16 32 346 344 789 65 109 2551 818 625 1001 2625 41 282 1824 67 5
T630 3 3110 3111 5
T637 5 14 95 563 564 5
T636 6 116 941 73 3112 75 5
T635 3 116 941 5
T634 4 29 905 254 5
T639 27 301 24 3113 3114 399 5 1125 723 792 758 34 1163 2864 216 2174 103 2379 216 2864 23 2002 3115 2005 34 3116 3117 103
T638 4 95 563 564 5
T420 13 936 937 266 1043 1613 2199 84 3041 2236 167 38 418 5
T749 5 24 31 1300 3118 5
T748 12 145 130 145 459 24 305 73 325 130 75 23 5
T743 4 104 3119 3120 5
T742 7 648 3121 1141 52 22 3122 5
T741 6 3123 3124 2318 52 22 5
T740 18 2195 21 22 491 459 130 301 733 21 22 103 458 1258 1259 103 122 2600 5
T747 14 3125 459 1032 24 305 325 345 112 23 132 434 103 1132 5
T746 6 200 2701 2310 1495 3126 5
T745 4 1345 3127 3128 5
T744 4 1345 1681 3120 5
T424 10 24 134 3129 591 3117 861 2051 3117 1721 5
T425 6 3130 3131 3132 2847 3133 5
T1439 4 2521 44 958 5
T1438 15 14 32 384 1134 389 304 3134 210 122 598 3135 5 2289 2167 3136
T1433 8 14 40 161 1601 239 3137 3138 5
T1432 5 24 1089 399 868 5
T1431 6 24 1089 399 868 955 5
T1430 6 32 903 116 364 366 5
T1437 8 32 384 154 1134 389 304 984 5
T1436 4 3139 3140 136 5
T1435 20 3141 3142 9 783 1793 260 399 34 1051 2227 303 210 103 84 2539 223 1998 754 1323 5
T1434 5 69 1601 239 30 5
T1460 6 660 603 339 710 205 5
T1461 4 660 710 1447 5
T1462 4 24 958 220 5
T1507 6 1966 2891 3143 3144 3145 5
T1506 4 1966 3146 2388 5
T1505 4 124 3040 294 5
T1463 4 24 161 958 5
T1503 4 133 95 193 5
T1502 6 24 193 194 95 1945 5
T1501 8 127 3147 510 23 65 1933 67 5
T1500 5 127 3147 510 1196 5
T1464 5 161 693 399 357 5
T1758 9 69 1951 3148 1953 193 194 1954 1955 5
T1509 10 14 32 3069 3070 167 2897 375 18 806 5
T1465 9 304 357 693 399 220 5 704 14 5
T1466 5 731 164 3149 2908 5
T417 18 3150 3151 435 1592 164 2853 3152 1154 3153 1592 3152 23 14 2523 1691 2853 290 5
T1467 5 1583 3154 2908 1862 5
T1616 7 2727 2728 1164 3155 201 202 5
T416 13 3156 3151 164 2853 3152 290 1592 815 3157 5 23 14 5
T1613 7 3158 1664 3159 196 1842 95 5
T1612 7 3158 1664 3160 3161 1842 95 5
T1611 5 246 510 3162 3163 5
T1610 4 246 3164 3163 5
T1617 7 201 202 1164 2727 2728 1197 5
T545 6 24 258 85 1792 1069 5
T1615 7 24 102 448 1173 194 1576 5
T1614 8 24 102 448 1173 194 1576 220 5
T1619 3 822 2006 5
T1618 2 2006 5
