T224	0 1 2 3 4 5 6 7 8 9
T225	10 11 12 13 14 15 16 7 17 18 19 20 9
T554	0 1 21 22 9
T555	23 24 25 26 27 28 29 30 31 28 32 9
T552	33 14 34 35 36 37 10 11 38 39 40 41 42 1 13 43 44 9
T553	0 1 25 21 22 9
T222	11 45 38 25 46 47 28 38 48 9
T89	10 49 50 51 52 53 54 55 56 57 58 9 10 59 24 60 61 13 9
T88	10 49 50 62 55 56 57 58 9 10 59 24 60 61 13 9
T87	11 63 64 65 13 14 66 9
T86	11 63 14 65 66 67 68 63 14 69 70 71 72 38 73 74 9
T85	42 41 75 76 14 77 78 79 80 9
T84	42 41 75 81 14 77 78 79 80 9
T83	82 42 41 83 84 85 86 9
T82	82 42 41 83 43 84 85 86 9
T81	87 88 75 43 89 90 9
T80	23 1 91 88 9
T1983	10 92 11 38 93 94 95 96 9 23 97 98 99 22 100 28 71 9
T1982	101 102 103 104 105 106 107 108 109 102 110 96 9
T1981	10 24 111 39 112 113 9
T1980	1 2 97 114 112 113 9
T1987	72 115 37 101 116 117 63 38 39 118 119 120 13 121 122 52 123 9
T1986	101 11 38 39 124 118 123 67 122 125 80 9
T1985	43 126 22 127 67 71 7 43 128 37 0 1 41 129 118 130 131 132 9
T1984	41 133 14 134 14 135 136 97 137 138 19 87 139 118 140 118 141 142 42 143 144 145 146 132 9
T1989	23 25 28 38 147 148 1 149 97 150 151 9
T1988	41 67 43 152 153 154 155 156 157 158 159 9
T1189	42 160 161 162 67 163 164 9
T1188	82 87 38 39 165 13 97 166 9
T1183	0 42 167 119 14 168 169 9
T1182	1 2 170 165 171 11 172 9
T1181	0 11 165 171 172 9
T1180	0 50 14 173 119 14 174 9
T1187	10 38 39 165 118 97 166 9
T1186	41 175 118 176 43 177 33 14 178 179 180 28 181 142 11 71 182 183 9
T1185	11 71 182 183 13 145 179 38 180 28 181 170 118 176 14 177 72 184 9
T1184	0 1 41 1 118 119 168 169 9
T1055	0 185 41 186 13 187 188 189 190 9
T1054	41 191 192 28 38 193 194 195 119 36 67 196 197 198 35 142 1 199 200 33 201 9 87 119 14 202 203 204 205 144 206 71 207 9
T1057	208 114 209 210 211 212 14 213 214 9
T1056	101 116 185 41 215 37 187 104 188 106 19 216 217 9
T1051	10 24 38 39 218 118 219 220 118 221 72 222 9
T1050	10 24 223 224 28 14 225 226 72 38 227 9
T1053	228 1 41 229 38 230 28 231 72 14 193 9 194 232 71 233 234 43 235 197 1 38 236 237 37 136 208 38 238 234 193 37 118 137 239
T1052	10 24 38 39 218 118 221 72 222 9
T1059	0 1 41 240 241 242 243 72 244 245 246 13 247 248 33 71 87 249 71 58 38 250 251 9
T1058	0 252 208 253 254 255 256 74 117 97 234 256 93 257 95 258 9
T518	10 87 259 260 41 261 262 263 264 38 265 11 266 9
T519	42 160 261 14 267 268 269 270 263 9
T512	0 42 41 271 272 273 72 274 9 11 275 114 276 13 277 9
T513	0 1 41 119 278 279 273 276 9
T510	87 280 281 72 282 9
T511	42 283 280 158 284 285 28 274 72 282 9
T516	208 286 287 211 288 289 19 290 109 256 291 292 38 48 9
T517	23 1 149 25 28 38 293 288 289 9
T514	10 24 38 39 294 295 118 129 296 9
T515	10 24 223 28 38 39 294 295 13 129 297 9
T1338	10 24 223 298 48 299 28 300 67 301 67 0 24 60 302 37 303 304 9
T1339	10 24 223 299 28 305 72 38 298 48 9
T1330	10 11 306 9 10 24 223 148 28 306 9
T1331	10 24 223 306 148 9
T1332	10 1 2 170 307 43 308 309 37 93 310 95 9
T1333	10 1 2 170 307 43 308 309 9
T1334	185 275 63 14 311 312 274 67 313 13 314 9
T1335	23 11 275 14 315 312 274 67 313 234 314 9
T1336	10 11 38 39 316 118 119 2 54 317 318 9
T1337	0 42 41 119 54 317 72 319 9
T198	23 11 38 320 13 321 179 322 323 121 9
T199	0 324 41 119 321 118 233 234 4 325 326 327 9
T196	10 24 38 39 328 148 329 104 330 106 245 277 143 72 331 332 333 42 334 118 129 148 329 67 97 14 335 177 72 38 116 9
T197	10 24 38 336 337 118 158 14 148 329 19 14 245 329 72 14 148 338 217 116 9
T194	23 208 339 158 14 340 9
T195	10 11 14 340 9
T192	10 107 71 341 118 342 343 131 344 345 9
T193	228 24 223 346 347 228 342 343 9
T190	0 50 348 349 233 9
T191	0 1 348 349 233 9
T358	1 350 351 9
T359	1 350 104 352 353 106 351 9
T608	10 24 38 39 354 355 72 356 9
T609	185 41 357 358 35 72 319 37 19 359 14 56 319 9 71 360 14 361 35 248 142
T606	1 160 362 9
T607	101 24 38 39 356 354 355 9
T604	23 1 160 363 364 9
T605	1 41 362 9
T602	10 24 165 365 9 24 366 67 367 368 28 165 365 9
T603	1 2 363 364 9
T600	0 185 41 176 14 369 121 72 370 9
T601	0 42 160 371 14 372 373 9
T174	10 11 38 302 312 374 67 375 9
T175	10 360 38 302 312 376 67 374 9
T176	101 11 38 39 377 193 378 379 380 9
T177	101 11 38 39 377 193 378 381 382 9
T170	0 42 41 206 43 383 197 384 385 9
T171	42 383 206 197 181 9
T172	10 386 38 59 387 28 38 388 389 37 67 0 1 390 387 391 118 38 392 389 72 393 9
T173	10 386 38 59 387 28 38 388 389 37 67 0 1 390 387 391 118 38 394 389 72 395 9
T178	10 11 111 396 28 38 397 398 17 399 400 401 402 403 9
T179	10 11 111 396 28 38 397 398 17 399 400 401 402 361 9
T996	0 11 404 302 312 405 9
T997	10 50 71 406 82 14 407 408 41 341 2 9
T994	42 14 409 410 211 411 331 412 16 9
T995	10 11 38 302 312 405 67 413 9
T992	260 414 11 415 37 416 50 38 56 414 417 58 9
T993	11 411 28 412 14 418 19 14 419 420 9
T990	101 24 38 59 421 72 422 67 0 24 60 391 118 38 59 421 72 423 9
T991	10 360 424 425 49 9
T1428	10 11 426 258 9
T1429	10 24 38 427 13 63 4 428 19 429 430 9
T998	10 50 71 406 82 14 407 408 93 63 431 95 9
T999	10 75 14 432 93 65 9 95
T1937	10 92 11 14 433 37 72 434 360 435 9
T1931	1 73 436 437 233 9
T1510	438 118 439 440 11 38 420 441 165 28 442 443 72 444 9
T1511	10 11 302 312 445 67 38 446 203 118 447 448 9
T1512	10 11 449 360 450 13 451 452 118 14 453 454 9
T1513	0 50 38 455 28 452 234 449 233 9
T1514	10 87 63 38 456 167 185 97 13 38 35 457 9
T1515	10 360 111 456 13 35 457 9
T1516	10 24 458 459 360 460 234 461 338 462 72 274 9
T1517	10 11 458 463 360 460 234 461 338 462 464 72 274 9
T1518	465 466 467 150 9
T1519	1 2 170 260 43 468 469 234 111 470 71 185 63 471 19 111 472 9
T776	10 11 38 473 405 67 474 179 475 473 37 476 9
T777	10 11 38 302 312 477 478 479 67 480 478 479 9
T774	416 1 481 233 9
T775	0 99 482 483 24 484 13 485 486 9
T772	10 117 63 38 39 316 28 487 488 489 72 14 490 9
T773	0 1 481 233 9
T770	10 208 491 492 1 131 493 494 9
T771	10 24 38 39 316 118 495 496 488 9
T778	10 11 38 302 312 477 67 480 497 478 9
T779	10 11 38 498 28 499 72 313 9
T1913	0 1 41 500 260 14 173 501 14 174 9
T453	0 1 41 502 14 56 503 67 56 504 72 505 212 506 245 9
T1608	10 507 28 377 245 11 25 508 509 67 510 118 14 511 59 9
T1609	260 167 107 118 140 307 129 512 118 63 513 118 514 71 118 256 507 28 515 104 59 72 516 517 72 511 106 37 10 518 28 512 324 63 25 212 82 514 13 14 519 9
T1604	10 11 38 39 316 118 186 118 520 9
T1605	10 11 38 39 316 118 186 13 520 9
T1606	0 1 41 521 260 38 173 133 522 523 524 525 145 13 298 9
T1607	0 1 41 521 260 43 523 152 524 526 145 9
T1600	0 1 41 119 43 527 16 9
T1601	0 1 41 528 43 527 118 119 16 164 9
T1602	101 433 185 41 215 13 529 530 531 9
T1603	10 529 185 41 215 532 531 14 530 518 13 4 533 9
T675	0 42 41 534 43 535 536 537 538 9
T1014	0 1 2 129 539 540 541 9
T901	10 24 38 542 277 543 544 545 72 546 547 9
T98	0 1 41 75 364 142
T99	0 118 75 364 9
T676	10 117 63 38 39 316 118 548 549 9
T94	10 24 38 550 28 551 552 312 553 9 41 406 37 10 259 197 38 551 552 554 555 71 14 556 19 557 9
T95	228 11 558 559 78 14 560 37 38 561 19 38 173 9
T96	10 24 223 299 28 148 277 42 63 75 58 562 563 9
T97	10 24 223 28 38 148 27 58 562 563 9
T90	10 11 38 564 316 118 206 565 566 9
T91	0 42 160 206 425 320 28 565 566 9
T92	0 208 567 568 569 567 570 72 571 311 572 9
T93	50 449 97 14 573 574 13 575 576 9
T902	10 24 38 577 544 578 9
T905	10 11 4 579 13 38 580 93 11 95 9
T904	1 160 363 38 581 582 583 9
T671	0 50 38 584 360 585 558 71 586 9
T670	10 24 361 587 307 38 584 360 586 9
T1990	324 160 212 588 589 590 104 131 591 592 19 593 106 118 594 38 595 28 14 596 58 597 131 400 338 598 9
T1991	42 160 599 38 595 104 67 38 600 106 28 14 596 212 601 592 19 602 603 604 591 592 131 400 338 598 9
T1992	10 11 14 65 605 13 606 607 9
T1993	608 38 609 610 72 611 9
T1194	11 71 172 13 38 612 613 118 614 38 315 72 314 9
T1195	260 2 615 14 610 616 38 584 37 67 617 618 38 619 620 10 117 259 9
T1196	260 41 615 14 621 610 72 38 400 72 14 134 237 10 117 259 82 41 622 38 623 620 28 38 584 9 117 43 624 19 43 625 417 618 626 9
T1197	42 160 502 627 628 9
T1190	23 629 149 162 67 163 63 161 164 9
T1191	101 294 630 501 38 631 632 633 9
T1192	0 11 71 172 13 14 294 630 118 97 559 634 635 460 9
T1193	10 11 636 118 314 637 9
T1198	0 1 160 75 627 628 9
T1199	10 185 41 1 13 638 639 9
T1046	23 208 43 640 641 145 9
T1047	0 42 41 642 14 225 643 644 9
T1044	0 99 645 28 646 42 63 266 72 14 79 9
T1045	23 11 43 640 641 145 9
T1042	23 1 41 68 647 648 9
T1043	0 99 645 28 649 14 79 185 41 1 9
T1040	42 650 580 119 14 218 72 38 651 652 9
T1041	23 629 149 41 647 648 19 653 179 654 9
T1048	0 42 41 119 14 225 643 644 9
T1049	0 42 14 225 226 72 38 227 63 642 9
T189	10 24 223 28 38 59 655 28 301 656 9
T188	10 11 301 656 72 657 9
T181	101 658 185 41 215 13 659 13 418 67 660 104 661 662 37 663 664 106 9
T180	10 11 38 39 659 658 13 418 661 665 9
T183	666 241 28 667 668 104 669 106 37 670 17 118 38 671 672 17 10 673 117 2 175 118 674 118 111 675 264 2 676 9
T182	666 241 28 667 37 677 17 0 11 38 678 679 179 669 37 670 9
T185	10 11 38 39 680 355 2 97 211 681 9
T184	10 24 223 28 38 39 680 355 72 682 9
T187	10 543 683 277 684 298 9
T186	10 543 14 683 9
T619	42 41 212 685 686 72 535 687 9
T618	0 67 23 208 2 551 552 131 111 527 9
T349	185 41 688 58 689 118 690 691 9
T348	0 1 41 688 58 690 691 118 689 9
T611	0 11 692 19 693 694 552 72 14 695 696 212 14 697 537 698 114 699 9
T346	50 700 701 38 304 312 702 703 67 704 703 9
T345	0 42 41 705 131 559 706 67 707 9
T344	10 11 38 39 316 118 708 707 9
T343	23 24 275 98 99 709 72 710 9
T342	101 24 38 711 712 72 710 9
T341	275 684 118 63 14 302 312 43 713 714 67 38 35 715 43 716 717 718 37 0 50 277 233 9
T340	10 11 38 302 312 719 715 67 720 9
T167	23 1 721 722 723 122 21 98 724 9
T166	23 1 725 723 726 9
T165	41 175 118 75 14 171 727 630 728 37 13 274 67 56 729 142 0 724 87 71 730 9
T164	260 143 175 118 271 14 731 732 733 696 72 114 734 28 274 37 0 724 50 71 730 67 10 11 38 735 9
T163	0 736 11 71 118 63 38 626 410 118 737 143 14 738 739 9
T162	10 11 38 740 741 13 737 14 742 743 738 739 9
T161	23 274 50 68 514 38 93 744 745 95 118 746 747 748 9
T160	82 87 38 749 613 750 654 38 751 67 38 709 28 38 209 752 67 753 754 234 755 341 38 756 360 28 757 9
T169	10 24 223 603 758 519 13 14 759 131 4 760 72 761 9
T168	10 24 223 28 38 603 715 762 519 72 38 763 28 761 9
T981	11 764 765 65 13 2 9
T980	10 11 38 302 312 766 67 767 9
T983	0 185 41 515
T982	23 11 768 765 65 13 2 9
T985	101 47 11 39 13 769 770 67 233 9
T984	10 24 223 771 118 515 387 9
T987	10 11 38 657 234 132 594 9
T986	101 11 38 39 47 13 769 770 197 45 67 772 9
T989	101 24 38 59 421 72 422 67 0 24 60 391 118 38 59 421 72 773 9
T988	10 11 132 657 9
T1297	0 42 41 119 774 28 775 776 9
T1296	11 275 114 316 118 119 774 28 777 9
T1295	11 71 172 118 778 779 780 155 79 9 260 781 37 0 9
T1294	101 782 11 12 118 783 784 37 785 19 786 9
T1293	0 1 41 359 38 526 28 43 679 9
T1292	0 1 41 359 526 72 679 9
T1291	0 1 41 75 787 131 294 9
T1290	41 133 72 788 789 179 14 603 141 72 790 37 791 142 41 117 792 526 118 1 4 793 131 14 135 58 794 142 114 795 234 0 41 42 140 307 1 132 9
T1299	101 24 654 38 796 627 37 304 797 118 119 519 72 274 277 758 14 798 799 28 787 67 800 2 118 801 619 802 9
T1298	101 803 804 72 805 277 212 118 806 67 758 787 807 808 9
T505	11 71 809 13 14 810 35 36 173 118 63 811 552 812 9
T504	11 813 7 72 14 814 35 36 173 809 9
T507	10 24 223 65 815 28 14 816 9
T506	10 24 38 815 28 14 65 816 9
T501	41 1 68 817 43 818 118 43 819 820 37 0 42 41 821 43 820 9
T500	0 42 2 821 111 819 818 9
T503	0 42 41 822 823 67 824 43 825 826 9
T502	0 822 42 14 825 826 42 63 823 9
T509	10 92 11 38 302 312 14 827 67 14 828 9
T508	10 11 38 302 312 828 37 829 67 830 9
T156	0 42 41 75 787 616 38 831 9
T157	10 24 223 302 316 118 75 787 523 37 832 833 40 9
T761	10 24 38 834 835 72 836 837 838 325 839 327 78 212 840 841 9
T760	10 185 41 1 82 43 842 11 843 145 9
T763	0 1 41 487 138 118 129 14 246 9
T762	101 212 325 327 841 24 68 835 72 38 844 845 273 9
T765	10 24 38 846 847 116 72 274 9
T764	0 1 2 487 138 82 2 129 14 56 246 9
T767	10 50 848 406 33 4 849 9
T766	101 24 38 846 850 72 851 847 852 72 274 67 853 9
T769	11 14 854 855 809 72 332 856 9 10 543 71 9
T768	849 17 10 50 857 17 858 406 9
T158	10 11 859 28 679 9
T159	10 360 38 859 28 679 9 10 11 679 860 307 9
T1919	0 42 41 708 861 784 67 862 9
T1679	43 863 864 43 865 277 41 341 866 537 145 528 866 118 1 98 142 10 185 41 1 30 9
T1678	43 865 341 145 16 867 10 1 160 1 30 9
T1671	10 1 2 526 9 23 9
T1446	23 185 41 525 9
T1673	82 185 41 83 43 334 522 13 868 37 38 869 870 71 871 872 457 67 41 873 874 114 875 58 38 876 9
T1672	41 877 38 878 142 10 185 41 1 9
T1675	10 360 38 302 312 38 535 879 67 38 535 880 9
T1674	10 11 38 302 312 38 535 880 67 535 880 881 9
T1677	101 882 117 281 260 146 883 312 884 885 58 886 67 884 885 58 887 311 9
T1447	10 11 38 406 67 859 118 679 9
T1448	10 11 38 92 406 28 679 9
T1449	10 185 41 1 82 43 364 888 145 9
T1705	10 11 302 312 889 67 890 9
T1704	10 11 38 302 312 890 67 889 72 434 360 435 9
T1707	23 11 43 891 892 893 894 9
T1706	10 50 71 406 260 14 640 892 893 894 9
T1701	0 1 41 119 441 43 895 9
T1700	0 1 41 119 441 38 895 28 896 9
T1703	101 734 72 897 501 38 39 898 9
T1702	101 734 72 274 501 38 39 898 9
T1709	1 160 524 97 114 859 72 679 9 19 1 160 502 14 859 118 75 899 647 900 72 38 602 901 48 37 19 118 75 899 647 277 425 362 72 38 901 48 11 337 9
T1708	50 43 679 902 114 900 118 38 903 9
T1859	41 191 904 67 905 906 907 908 909 142 41 191 910 13 911 78 912 142 133 41 913 170 277 525 72 38 25 914 507 28 38 47 87 674 145 12 915 9
T1858	10 24 38 916 277 41 324 905 528 14 917 410 13 14 908 909 67 860 97 754 674 71 118 145 9
T1855	42 160 918 425 919 9 42 160 919 10 160 920 921 919 307 9
T1854	42 160 918 425 922 72 14 919 9
T1857	0 42 73 436 437 63 923 9
T1856	0 208 2 329 73 436 437 9
T1851	0 1 41 334 924 9
T1850	24 38 320 28 925 926 118 320 28 320 28 927 9
T1853	185 2 928 929 234 678 930 9
T1852	185 2 928 929 234 678 930 9
T1073	416 1 41 359 931 932 13 325 9
T1072	23 97 149 160 531 14 933 934 935 28 936 559 628 635 71 937 9 10 24 38 938 160 169 9
T1071	10 11 38 938 131 918 933 9
T1070	10 11 38 25 802 587 277 25 21 1 149 521 307 9
T1077	0 42 41 158 14 426 235 939 940 9
T1076	416 42 41 941 942 26 72 943 9
T1075	41 175 118 176 43 26 944 72 274 37 58 416 42 41 941 942 945 26 9
T1074	11 275 14 233 946 931 932 13 947 9
T1079	11 71 948 118 949 950 264 951 325 327 9
T1078	0 1 41 158 14 65 235 939 940 9
T496	10 11 38 39 316 118 952 953 954 955 98 277 41 42 119 956 957 441 14 304 308 958 28 165 37 408 879 77 9
T378	208 959 960 961 559 635 709 962 33 963 9
T379	137 964 965 37 136 228 107 38 426 963 37 709 962 19 959 960 9
T372	10 11 38 25 966 319 967 968 2 969 970 9
T373	501 114 319 967 473 971 72 972 532 970 4 518 360 968 9
T370	10 107 38 900 28 38 973 28 974 37 67 0 208 132 973 391 67 975 118 38 973 28 976 9
T371	10 107 38 900 28 38 973 28 974 37 67 0 208 132 973 391 67 975 118 38 973 28 977 9
T376	11 71 172 118 801 99 302 40 72 679 9
T377	0 1 41 978 118 979 312 302 40 118 1 72 43 679 9
T374	10 117 259 260 2 980 167 28 111 981 131 4 981 982 13 167 35 37 983 984 38 982 985 9
T375	10 259 260 981 296 986 38 981 9
T152	0 1 41 987 988 989 9
T153	11 988 989 987 9
T150	260 41 699 14 990 991 58 4 992 140 993 635 38 990 867 87 38 990 63 140 991 9
T151	1 990 171 993 635 38 994 28 995 82 996 58 14 997 9 260 68 37 11 71 172 9 260 60 1 37 10 997 67 0 724 998 883 9
T408	23 24 999 228 24 234 331 958 24 1000 33 1001 270 1002 277 60 24 987 72 984 4 229 402 72 1003 104 1004 106 9
T409	23 11 71 323 83 277 14 1005 185 984 1006 28 1007 37 1008 67 1009 104 1010 72 209 405 106 9 24 390 229 38 472 28 999 1011 9 23 1 1012 68 124 926 72 1002 233 9
T154	0 1 41 1013 618 28 43 819 820 234 43 364 360 327 9
T155	0 42 41 521 228 1013 72 118 43 819 820 9 104 78 500 256 1014 1015 19 1016 214 106 9
T404	10 360 38 39 316 118 176 129 1017 9
T405	10 11 38 39 316 118 176 1017 9 101 11 38 39 531 664 277 41 42 176 233 234 71 9
T406	23 1 21 1018 1019 1020 9
T407	10 24 38 1021 277 21 1022 1019 1020 9
T400	10 11 38 1023 316 118 158 14 1024 104 953 106 9
T401	10 11 38 39 316 118 158 14 1024 9
T402	24 275 21 228 24 87 118 674 627 1025 19 1026 627 1027 72 274 319 9
T403	1028 1029 713 72 234 1030 37 23 1 41 1031 647 1032 67 1031 1 149 175 118 140 118 1033 9 23 50 43 678 1034 67 1035 420 125 9
T1442	10 24 223 28 38 39 1036 1037 28 1038 9
T1443	10 11 38 25 1039 40 277 2 97 211 681 9
T1440	0 42 41 1040 14 1041 9
T1441	10 24 38 39 1036 1037 72 457 9
T978	11 71 65 118 1 786 179 1042 67 785 179 1043 9
T979	10 11 38 302 312 14 767 67 4 766 9
T1444	10 11 38 25 1039 40 211 1044 9
T1445	10 24 38 25 736 40 13 525 14 65 679 9
T974	10 24 38 39 316 118 186 13 217 1045 9
T975	50 1046 1047 97 114 916 118 158 397 1048 28 274 197 280 9
T976	50 1046 1047 97 916 118 158 397 1048 28 274 197 280 9
T977	11 1043 1049 133 19 1049 1048 9
T970	41 175 118 1050 1051 1052 1053 72 325 530 142 11 71 172 9
T971	10 11 1054 258 9 67 23 1 160 119 1054 258 72 506 9
T972	10 11 1054 258 72 506 9
T973	0 1 41 186 13 217 1045 9
T1280	23 1 21 1018 1055 98 724 9
T1281	1 2 1056 1057 1058 14 372 19 1059 1060 72 38 209 1061 67 72 1062 9
T1282	1063 1064 1065 679 58 63 14 135 142 0 50 277 647 9
T1283	23 11 506 38 39 245 246 9
T1284	1066 67 506 37 101 167 11 38 39 245 246 13 1067 464 9
T1285	0 42 41 1068 43 1069 682 1070 9
T1286	0 42 41 1068 43 682 705 142 9
T1287	0 42 41 97 1071 166 9
T1288	0 42 41 63 1071 67 1022 1071 166 9
T1289	41 191 1072 118 14 141 131 14 884 1073 104 984 38 1074 106 58 14 1075 141 1076 14 1077 1078 789 464 142 0 1 41 119 43 1079 9
T570	416 42 41 359 1080 1081 179 1082 1083 9
T571	0 923 107 1084 1085 1086 9
T572	0 923 107 38 1087 360 1088 1086 9
T573	260 275 87 63 14 311 312 274 67 313 228 87 281 9
T574	228 87 281 260 14 311 176 312 274 67 313 9
T575	0 1 2 1089 131 14 895 28 22 9
T576	0 42 2 783 111 895 28 22 9
T577	10 117 63 38 1090 730 28 1091 38 1092 1093 28 535 879 9
T578	10 11 38 150 41 97 118 758 13 1091 14 1094 535 879 1093 9 0 42 71 63 266 9
T579	10 24 38 25 802 148 67 1095 277 1096 360 11 417 618 131 72 457 9
T888	260 1097 67 1098 1099 118 311 37 228 117 281 9
T889	82 11 71 182 183 118 129 38 1100 9
T880	41 133 14 1101 1102 142 0 42 41 119 1064 38 1103 852 9
T881	23 11 1104 1105 1106 736 72 1107 9
T882	23 11 1104 1105 1106 736 72 445 9
T883	10 24 38 1108 337 118 986 1109 9
T884	0 42 41 334 1109 9
T885	0 1 2 452 14 454 234 449 9
T886	10 11 38 39 40 2 969 211 129 234 449 9
T887	1097 1110 1098 17 228 117 281 9
T798	0 185 41 176 1111 118 271 1112 1113 9
T799	23 1 919 61 98 298 9
T794	41 191 14 173 72 1114 141 142 43 39 364 24 654 173 142 41 969 1115 618 277 41 191 1116 142 0 1 41 500 43 39 364 228 360 14 173 537 866 1117 618 67 71 420 425 1118 1119 9
T795	0 1 41 1120 14 1121 190 13 1122 9
T796	42 412 1123 144 1120 14 412 1124 1121 190 13 125 1125 1126 9
T797	0 324 176 131 271 1112 531 9
T790	0 1 41 176 43 1127 13 38 448 28 38 1128 9
T791	10 11 14 65 605 118 606 607 111 39 364 9
T792	10 24 223 65 606 607 605 118 447 111 39 364 9
T793	41 1129 131 43 1130 277 157 27 364 131 38 410 277 906 234 866 142 157 1131 41 191 14 918 1117 67 157 175 866 1132 142 10 185 41 1 9
T1668	0 42 41 1133 552 332 72 38 1042 9
T1669	0 42 41 119 552 332 72 38 1042 9
T1662	101 11 38 39 1134 67 1135 243 1136 72 1137 9
T1663	101 241 242 39 1134 67 1135 1138 72 1137 9
T1660	50 1139 1140 233 72 1141 1142 9
T1661	50 1139 1140 233 234 1141 1143 9
T1666	10 11 302 312 1144 67 719 762 9
T1667	10 11 38 302 312 719 762 1145 1144 762 9
T1664	101 11 38 39 1146 1147 248 242 72 1148 9
T1665	101 11 38 39 1146 1147 1149 72 1148 9
T1716	10 42 41 1 118 1068 43 454 234 449 9
T1114	10 1 2 363 118 176 111 1150 153 1151 850 9
T1714	0 1 2 119 14 1152 686 318 618 28 4 535 907 9
T1715	50 4 535 907 212 14 1152 686 318 9
T1712	0 117 41 531 4 1153 1154 9
T1713	0 1 41 502 4 1153 1154 9
T1710	0 11 38 519 1155 72 56 729 13 235 939 671 9
T1115	10 24 25 1156 522 229 9
T1116	10 11 38 25 1156 229 9
T1718	260 167 28 38 21 1157 647 37 72 4 1158 364 131 1159 1160 37 0 42 160 1161 38 647 140 1162 9
T1719	72 4 180 416 160 1163 701 38 39 28 619 21 360 233 67 525 37 0 1 160 68 647 1164 131 425 1150 233 67 525 9
T1117	10 24 223 1165 587 1166 1167 940 185 521 9
T1848	10 11 38 1168 28 1169 1170 329 72 274 9
T1849	10 11 38 1171 1168 13 1172 37 1173 37 1174 67 1169 1170 329 9
T1846	0 1 2 1175 10 360 14 65 952 1176 67 10 360 68 9
T1110	0 50 1177 1178 233 9
T1844	0 42 1179 296 68 97 1180 9
T1845	10 24 38 620 387 28 1179 296 9
T1842	11 1181 792 531 378 1182 1183 9
T1843	11 1181 531 378 38 1184 28 1185 285 1186 1187 9
T1840	42 4 1188 1189 28 1190 19 1191 19 1192 628 63 502 131 1193 9
T324	10 24 1194 307 38 446 1195 9
T1112	0 99 1167 940 671 1196 35 72 274 9
T1113	0 1 41 176 14 923 153 1151 850 9
T62	10 24 223 1197 1006 13 143 131 14 1198 277 119 1199 109 38 1200 9
T923	10 50 38 1201 93 1202 228 50 68 526 1203 72 1204 95 92 406 9
T922	10 658 1 41 176 131 13 1205 186 9
T693	0 1 41 176 121 58 1206 9
T692	0 1 160 176 14 121 9
T927	42 2 119 603 260 143 1207 1208 67 983 2 1209 331 1210 67 983 2 288 1211 131 277 238 1210 9
T926	10 11 593 118 1212 136 12 9
T925	10 11 593 118 1212 9
T924	10 50 38 1201 93 526 1213 526 95 406 9
T1946	10 24 38 577 736 67 1214 28 1215 37 67 0 50 1215 360 852 391 118 1216 360 9
T1068	260 2 97 145 37 2 175 118 124 145 142 260 2 124 145 37 2 1 149 119 145 142 10 133 41 9
T1069	10 11 4 802 587 277 2 521 67 41 1 149 37 136 185 149 9
T1064	0 1 41 1217 14 605 9
T1065	10 324 63 283 280 360 397 1218 197 1219 9
T1066	10 11 397 1063 197 1219 9
T1067	260 2 97 145 37 2 175 118 124 145 142 260 2 124 145 37 2 97 149 232 145 142 10 133 41 9
T1060	0 724 1220 185 41 1221 72 1134 1222 118 119 1087 1223 9
T1061	0 1224 11 48 311 1225 9
T1062	24 160 624 1226 48 311 1227 9
T1063	0 1 2 1217 14 605 9
T1940	416 42 41 359 14 1041 13 65 543 9
T365	117 41 63 513 118 1040 1029 153 1228 67 983 119 754 118 566 155 619 9
T364	10 260 41 1040 1029 153 981 67 1229 754 118 566 155 619 9
T367	0 1 1230 1231 674 2 38 1232 9
T366	0 1 41 359 14 1230 1231 9
T361	0 42 41 460 1233 565 1234 9
T360	0 1 2 119 1233 565 1235 9
T363	0 1 41 1236 63 1237 118 143 9
T362	0 42 41 1236 63 1237 118 526 9
T369	41 42 68 271 449 616 43 1238 1239 142 23 42 41 1240 1241 71 616 14 530 1242 9
T368	0 42 41 1243 1238 413 67 1241 71 616 325 327 9
T149	228 11 38 1244 1245 28 654 165 67 0 42 41 622 256 1246 33 14 1245 9
T148	228 11 38 1244 1245 28 654 165 67 0 42 41 622 256 1246 9
T419	23 966 11 736 9
T418	23 11 966 736 9
T145	0 42 41 129 118 705 682 1247 9
T144	0 41 42 705 682 1247 9
T147	10 11 38 1248 1249 1250 327 320 45 9
T146	0 144 11 1248 270 1251 544 1252 1250 327 320 118 821 111 1253 544 1053 9
T141	10 24 38 302 368 28 1254 72 425 1255 9
T140	10 24 38 368 28 1254 9
T143	10 11 1256 410 1257 9
T142	10 11 14 1256 410 1257 9
T969	0 42 41 1050 1258 1053 234 4 325 9
T968	228 1150 1259 542 9
T967	228 1150 1259 9
T966	23 107 43 454 1220 33 93 363 1068 9 95
T965	0 1 41 928 14 454 277 107 1220 33 363 1068 9
T964	23 24 1223 1260 1261 1262 609 9
T963	23 24 1223 1260 1261 67 609 9
T962	82 87 38 1263 1264 1265 9
T961	10 24 223 1266 1267 1268 1264 9
T960	11 71 861 118 1269 1270 1271 72 14 77 9
T1279	23 1 21 1018 1055 1272 9
T1278	530 320 1273 1274 87 176 234 1275 1276 37 1277 420 1278 142 97 1242 242 792 717 118 132 9
T1275	0 42 41 119 1279 616 523 638 67 630 248 304 118 1280 52 148 531 78 209 1281 9
T1274	260 14 453 1005 386 1282 1283 28 38 446 203 37 117 157 97 14 626 1284 19 626 1285 9
T1277	530 320 1273 1274 87 176 234 1275 1227 142 1 1242 242 792 717 118 132 9
T1276	0 42 41 119 1286 616 523 638 67 630 248 304 118 184 531 78 209 1281 9
T1271	87 38 1287 1288 360 1289 28 845 38 666 1290 264 355 1093 558 111 1291 9
T1270	0 42 160 129 506 245 9
T1273	260 38 446 203 501 14 557 1283 37 87 866 1292 63 1293 38 626 1285 9 10 87 1294 1020 63 1293 260 1019 11 1282 9
T1272	10 24 111 460 234 38 1287 1288 360 1289 118 75 845 666 1290 1295 72 1296 1297 9
T563	0 1 41 119 441 14 364 131 1298 41 97 149 1299 72 1227 35 136 1031 877 1300 9
T562	82 14 1301 1255 11 72 14 1302 37 0 73 50 71 984 264 71 1303 9
T561	0 73 50 71 984 13 14 1301 1255 118 1303 118 38 595 197 1304 9
T560	72 1305 1306 37 1307 386 257 142 10 259 131 38 257 1220 260 60 386 1308 1309 9
T567	0 42 41 75 787 523 131 627 28 730 9
T566	10 24 38 316 118 1310 48 537 1311 559 787 9
T565	82 171 118 14 56 1312 11 71 12 118 1313 488 72 1314 734 19 118 701 33 99 734 33 2 42 1315 72 9
T564	0 1 41 119 441 143 41 526 30 277 160 1316 552 1317 35 67 41 1031 877 866 9
T569	416 42 41 941 39 815 1249 1081 72 1082 1083 9
T568	0 1 41 118 75 787 523 9
T899	10 11 71 341 63 14 1318 9
T898	11 71 172 118 171 993 635 1260 9
T893	11 167 881 1319 1320 1321 1322 327 9
T892	10 11 14 1323 1259 320 9
T891	10 24 1259 320 9
T890	41 191 1028 911 142 11 71 182 183 13 145 118 129 1100 9
T897	0 160 42 171 993 635 1260 9
T896	41 1324 654 43 1325 142 41 133 1326 67 629 149 1241 43 1327 1328 1147 142 0 1 41 1329 43 1325 537 1085 14 1328 1147 9
T895	0 1 41 986 14 56 1330 1325 101 41 42 1241 118 821 43 1331 1325 9
T894	101 327 118 941 1332 1333 19 167 881 1319 9
T1389	260 1334 1335 1260 37 42 1260 1335 1334 9
T1388	0 1260 1335 131 1334 9
T789	14 1336 13 43 1127 118 38 448 28 38 1128 9
T788	10 11 1337 212 13 9
T787	11 1337 212 9
T786	10 24 38 846 1338 144 658 41 185 970 9
T785	10 24 38 39 1339 658 2 969 211 970 9
T784	23 1 21 1018 1340 1341 67 23 1 21 647 277 1202 11 68 4 209 9
T783	23 185 167 1018 1340 1341 9
T782	10 11 38 302 312 1342 67 1343 9
T781	10 11 38 302 312 1342 67 1343 1232 9
T780	1344 1345 248 13 63 104 1346 106 135 72 1347 1348 9
T354	312 1349 1350 1351 67 1352 1353 37 228 11 559 923 9
T355	228 1 2 1000 33 38 39 1354 37 1349 1350 1351 19 1352 1353 9
T685	23 97 25 28 38 407 72 274 158 98 1355 9 1 149 60 521 277 173 1 149 323 61 13 437 9 117 71 1356 407 118 158 425 364 626 9
T356	23 50 223 21 1344 369 1357 142 9
T1657	87 844 360 1358 1359 72 638 1360 211 1265 9 82 9
T1656	228 11 935 28 1265 844 360 1359 72 1360 9
T1655	41 175 118 129 1361 142 0 1 41 176 9
T357	23 1 223 21 1344 118 525 131 369 1357 9
T1653	10 24 1165 337 67 1282 248 72 1362 9
T1652	10 24 1165 337 67 1282 248 72 1363 9
T1651	1 2 363 118 1133 552 72 38 1114 28 1364 1365 72 1229 118 817 2 919 9
T1650	1 2 97 118 1133 552 109 1364 1365 118 817 111 919 9
T350	101 11 38 39 1366 762 1232 9
T1659	10 543 1251 1254 1367 9
T351	10 11 38 39 1366 762 1232 9
T1495	87 41 701 260 143 1368 145 28 1331 9
T1494	0 42 41 701 228 1368 145 179 1331 9
T1497	1369 1370 0 2 117 190 14 1371 13 155 28 390 470 9
T1496	23 501 275 1372 14 1373 28 603 815 1374 309 9
T1491	10 117 259 260 14 1005 1375 38 1376 1377 13 68 800 754 118 158 14 1378 9
T352	10 11 71 341 118 525 72 1379 9
T1493	41 191 14 1380 1381 277 905 1382 515 72 38 884 142 41 232 1383 4 1384 142 185 41 984 38 1383 19 1385 118 791 9
T1492	260 14 1380 119 14 1386 72 1387 37 1 60 97 118 1388 38 730 82 1385 118 791 9
T353	10 11 71 341 118 525 72 1389 37 1390 9
T1499	24 275 114 1391 1392 58 1347 1348 9
T1498	228 24 223 28 1393 1392 58 1347 1348 9
T1723	10 1394 28 1395 1396 87 14 775 119 72 38 446 203 260 1202 522 14 1005 1397 35 1398 635 1300 9
T1722	260 1399 420 481 24 740 37 23 1 60 1400 98 724 307 972 304 67 1401 9
T1721	0 42 41 1402 1403 0 118 1361 9
T1720	10 24 223 1404 13 143 1405 118 1402 1406 118 1361 9
T1727	10 24 223 65 1407 1408 13 1409 1407 9
T1726	10 11 14 65 1408 13 765 72 1410 67 1407 9
T1725	260 1411 1412 104 38 1413 106 107 1031 292 1414 37 10 117 157 170 307 253 254 9
T1724	10 11 38 577 1021 13 654 38 938 72 274 9
T1729	42 1415 543 1416 9
T1728	0 42 1415 543 1416 9
T1879	10 11 1417 1418 360 1419 1420 9
T1878	42 41 1419 43 1417 1418 820 9
T1873	0 42 41 119 14 174 179 180 1270 9
T1872	0 1 41 119 14 174 13 180 1270 9
T1871	23 50 38 461 464 362 72 274 1085 197 1142 1421 28 1422 9
T1870	23 50 38 461 464 1031 362 72 274 9
T1877	1423 19 1424 101 144 118 119 559 121 9
T1876	11 38 1425 1426 234 1114 661 21 9
T1875	10 87 63 43 455 72 1427 457 260 43 1220 11 1428 9
T1874	10 11 455 179 1429 1220 72 1427 457 9
T1424	10 11 38 48 360 1430 1431 955 1432 9
T49	0 99 165 14 79 1 14 1433 1210 1434 9
T48	10 50 71 406 277 1166 165 41 61 179 38 1433 38 320 24 38 238 9
T1425	0 1435 24 27 9
T43	10 42 41 1 118 1436 63 1437 28 143 9
T42	10 360 543 143 118 63 1437 9
T41	23 24 1438 67 1439 657 893 9
T40	23 1 1438 61 893 9
T47	416 42 41 359 14 1440 265 13 1441 118 1442 9
T46	0 724 11 1397 1443 72 1444 9
T45	101 454 185 41 528 234 449 9
T44	10 24 38 454 185 68 528 234 449 9
T1427	10 360 38 1431 258 28 1445 9
T1420	10 1034 1446 1 1261 1447 97 9
T1421	11 1448 940 65 9
T1422	11 1448 940 65 19 68 9
T1423	10 11 38 1430 148 1432 9
T585	0 724 1232 185 41 1449 9
T584	10 11 1450 9
T855	0 1 41 75 627 1293 118 1357 1451 234 1452 1453 1454 9
T854	11 71 861 118 288 14 1118 1455 1166 79 9
T1717	654 43 454 234 449 363 1068 142 10 11 38 39 316 118 528 14 454 234 449 9
T853	10 42 41 288 1166 79 118 63 559 861 9
T852	0 42 38 204 58 1456 118 1457 1458 63 1370 37 67 0 1 390 734 270 1459 1460 391 118 619 1459 1460 9
T851	0 42 38 204 58 1456 118 1457 1458 63 1370 37 67 0 1 390 734 270 1459 1460 391 118 1461 72 1462 9
T1124	0 42 41 1463 38 48 9
T582	11 38 49 1188 19 11 275 4 1265 118 38 49 9
T1711	0 11 38 519 1155 72 56 729 13 235 939 671 1464 9
T1590	10 185 41 1 260 143 501 928 14 1465 630 378 43 214 9
T1591	10 185 41 1 260 143 501 928 1465 630 378 43 214 9
T1019	0 1466 11 71 118 534 1467 93 1468 95 72 14 709 1469 9
T1018	0 42 41 119 43 214 985 38 626 1470 234 844 1360 9
T452	0 1 41 502 14 56 504 72 14 56 503 212 506 245 104 505 503 106 9
T1011	10 11 1471 1472 67 0 11 71 1473 9
T1010	0 50 1474 1475 144 2 1120 14 1121 190 9
T1013	10 11 38 39 316 118 129 539 78 488 9
T1012	0 11 1471 1472 1476 9
T1015	0 50 71 647 118 1477 14 661 72 319 9
T451	1 41 363 14 1478 1432 118 204 654 38 316 234 38 1479 118 1480 9
T1017	50 844 1481 1242 337 114 1482 118 97 71 1423 104 1483 67 1484 1485 106 626 264 60 42 1486 131 1487 9 11 132 172 9
T1016	50 1477 1488 72 319 558 1171 519 1489 9
T450	0 1490 11 71 118 204 234 38 1479 118 1480 1491 654 28 38 1492 9
T1847	101 11 39 691 1493 378 1494 380 9
T457	41 97 27 14 1495 462 136 232 71 234 38 267 268 269 142 87 41 119 14 1496 260 41 261 71 9
T456	0 262 11 302 58 1497 104 267 268 269 106 9
T455	50 1498 1499 558 1500 9
T454	50 1498 558 1501 9
T1841	11 38 1502 628 28 1191 628 37 1358 1503 1262 1190 628 1188 9 137 1504
T310	324 1505 1506 63 567 570 9
T311	0 324 1505 63 567 1507 260 1202 107 1508 78 1509 1510 9
T312	260 41 1 68 1511 294 630 52 1512 1513 1514 37 983 24 275 916 277 844 1275 1368 43 820 9
T313	0 1 2 1512 355 234 294 67 1511 754 9 11 275 114 637 28 1513
T314	117 2 688 58 1515 1516 118 1517 1518 1519 9
T315	10 1520 185 41 119 13 43 1515 1516 9
T316	10 50 38 449 1154 61 341 118 1451 28 449 1521 9
T317	0 50 449 61 118 14 1521 9
T318	23 1522 452 43 454 72 449 9
T319	23 11 137 167 452 43 454 72 449 9
T1129	234 1331 37 0 42 41 1523 1524 364 9
T1128	0 42 41 1525 1492 985 1526 1527 72 1528 1529 13 1530 9
T138	179 10 730 50 98 724 1531 33 72 1390 417 9 10 1532 11 1324 118 708 98 724 1531 9
T139	24 275 114 21 228 1533 1534 1535 131 137 1536 9
T428	0 99 1537 28 4 1538 360 372 131 1539 118 165 97 118 63 1127 9
T429	82 50 1540 158 1541 9
T130	10 11 1542 245 9 0 118 129 1542 245 246 9
T131	0 1 41 129 14 235 246 341 1542 9
T132	10 11 38 39 658 211 27 9
T133	10 11 38 25 736 658 2 97 211 970 9
T134	42 160 211 273 628 1543 72 1544 9
T135	11 71 172 118 273 38 628 28 1544 9
T136	10 11 111 396 28 1545 190 9
T137	10 11 1545 190 9
T1468	101 24 223 1165 1546 580 9
T1469	10 24 223 28 38 25 1165 1546 682 580 9
T958	10 360 14 65 1112 118 123 1547 1330 1015 9 1548
T959	11 71 431 118 1269 181 1271 72 540 77 9
T952	10 185 41 528 43 865 9
T953	23 1 41 1056 277 1192 1549 362 9
T950	42 38 853 1399 420 63 1550 19 1551 9
T951	0 185 528 43 865 13 866 320 9
T956	208 1552 792 259 19 1240 4 1553 1554 118 1555 9
T957	42 1556 1236 1283 58 176 14 59 311 9
T954	50 1192 1549 362 72 654 596 9
T955	208 1552 792 259 9
T1268	42 41 984 1143 77 1557 118 338 1558 28 1559 1560 1561 1562 9
T1269	10 24 38 65 1154 118 129 506 245 13 1563 9
T1266	10 1 1564 170 307 209 9
T1267	11 38 1559 1560 1561 1562 797 9
T1264	10 11 38 495 37 1515 1565 28 1566 72 1567 360 233 9
T1265	10 1 1568 170 307 1564 9
T1262	50 43 1569 1221 119 1570 260 41 1240 758 38 1108 1571 1189 9
T1263	185 38 1572 63 1573 14 1515 1567 233 9
T1260	0 117 508 420 1574 1575 881 1575 1372 926 118 361 9
T1261	87 71 144 1569 1221 260 41 758 985 43 1576 1189 9
T228	10 50 984 1577 28 143 406 9
T229	11 71 1578 118 984 1577 28 143 19 63 1579 9
T558	10 50 1580 1581 1582 341 9
T559	386 275 114 1307 131 38 214 1583 9
T556	0 24 32 26 27 9
T557	10 11 72 1580 1581 9
T226	10 1 2 170 445 54 9
T227	0 1 2 170 28 477 54 9
T220	416 42 41 1584 1585 131 682 1586 9
T221	416 42 41 1584 1587 131 1586 9
T550	10 24 38 39 557 1588 573 72 309 9
T551	0 1589 117 2 140 13 526 9 185 41 268 13 38 167 41 526 1590 1218 234 9
T1398	10 11 38 302 312 14 1591 67 14 1592 9
T1399	23 50 1591 97 1593 37 559 1594 1190 1595 635 1592 9
T1392	0 99 56 1432 24 108 78 1596 72 38 884 155 35 9
T1393	501 1597 860 108 114 1432 72 38 884 441 38 1317 1143 35 9
T1390	10 50 71 406 118 1598 552 111 1599 9
T1391	10 24 223 1266 316 118 1600 552 14 1599 9
T1396	0 1 2 243 14 893 1601 131 1602 1603 9
T1397	0 1 41 243 893 1601 9
T1394	0 1 2 447 14 153 1604 118 143 2 1605 566 234 449 9
T1395	0 1 41 447 1606 410 14 1604 234 449 9
T1640	10 11 233 1466 104 68 72 435 28 515 106 9
T1641	10 11 233 1466 72 435 28 515 9
T1642	42 41 1607 1141 1608 1609 118 1610 1609 1141 1611 9
T1643	41 97 1141 1142 1608 1609 142 42 41 1607 118 1610 1609 1141 1143 104 1612 71 360 14 627 1607 106 9
T1644	101 386 223 28 38 252 113 2 1574 72 679 9
T1645	10 386 223 28 111 65 67 252 679 113 9
T1646	23 11 1613 1614 9
T1647	101 257 28 1615 50 1613 212 9
T1648	42 2 119 14 269 28 1616 1617 320 9
T1649	0 1 2 119 1618 327 320 9
T1486	1619 17 1 2 359 1557 1266 9
T1487	1 1619 359 1557 1266 9
T1484	10 11 111 519 67 111 715 9 24 2 1620 131 111 1621 519 9
T1485	43 1622 11 1621 1623 142 42 41 119 14 603 758 519 19 211 119 14 1624 1625 715 519 9
T1482	10 11 38 387 28 1626 28 893 1627 72 1628 1629 28 1630 9
T1483	0 1 41 206 1631 1627 72 38 1630 9
T1480	10 1632 212 654 904 1633 537 114 357 9
T1481	1634 17 72 682 37 212 654 38 1633 28 38 1635 92 1636 37 67 1637 167 652 37 42 2 75 14 1632 37 19 114 1638 28 1165 682 580 9
T1488	10 11 38 1639 605 131 14 1640 212 13 1036 355 9
T1489	10 24 4 1639 1640 360 740 9 1 160 119 1641 13 1642 9 24 160 1643 118 1644 1645 1642 37 1646 142 104 402 28 4 1639 116 106 9
T1738	101 11 38 39 1138 1149 13 1134 67 1135 72 1137 9
T1739	101 24 38 39 1134 67 1135 1138 1149 72 1137 9
T1734	10 24 38 39 309 277 984 218 72 167 1647 9
T1735	41 175 118 119 1648 142 101 355 185 41 1584 9
T1736	11 71 809 260 111 1649 50 149 910 618 109 1650 9
T1737	0 1 41 1651 277 1652 50 149 417 618 58 43 1653 197 41 1650 9
T1730	11 71 172 118 75 1654 360 396 841 212 101 1655 42 124 1656 654 1657 1491 78 277 1654 37 1658 296 37 9
T1731	10 11 38 1659 958 28 38 1660 1661 1662 1663 9
T1732	10 24 223 28 38 1664 67 1665 28 14 1019 1020 1283 9
T1733	10 24 1664 67 1665 28 1019 1020 9
T58	0 185 41 186 13 629 1274 1666 9
T59	0 167 185 521 277 1667 1668 186 13 629 1274 1669 9
T50	10 24 223 1404 234 75 71 616 38 519 1045 1670 179 296 9
T51	10 24 223 1404 234 75 71 616 38 519 1045 1670 179 1671 296 9
T52	10 11 638 518 9
T53	10 11 38 638 518 433 9
T54	50 1672 218 182 724 736 234 1673 9
T55	0 1 1673 1111 118 38 1672 9
T56	10 11 39 316 118 75 787 523 9
T57	10 11 39 316 118 528 13 787 523 9
T1136	0 208 38 1674 1675 259 82 275 107 149 114 165 13 71 118 259 72 9
T302	0 42 41 1236 63 1676 28 233 9
T301	10 11 38 1677 1189 28 165 985 1491 13 4 1678 1679 9
T1135	260 165 176 100 28 38 1674 1675 259 983 0 324 38 1674 1675 176 100 275 107 137 165 13 38 1674 1675 118 176 9
T1132	82 208 1680 158 14 972 410 37 67 10 107 256 93 1681 118 1682 95 341 9
T1133	0 1 41 176 1217 1683 9
T305	23 50 1261 487 38 1684 72 1685 907 28 1686 11 38 56 1687 9
T304	23 50 1261 487 38 1684 72 1688 9
T1864	10 24 38 39 1689 841 13 535 9
T1865	10 360 38 39 535 1689 9
T1866	0 1 41 1690 38 841 93 841 1691 95 9
T1867	0 1 41 821 38 1692 72 841 1691 1693 72 4 325 530 9
T1860	10 259 118 1694 1695 355 67 1696 1697 9 23 208 60 1698 98 724 9
T1861	87 1699 1700 63 800 118 1218 118 38 1701 67 525 275 197 1702 259 9
T1862	208 254 281 38 1282 9
T1863	50 253 254 97 114 916 28 281 38 1703 1282 9
T1868	72 10 1704 185 41 447 658 13 349 9
T1869	523 190 1149 121 9
T1589	0 1 41 1068 43 970 851 9
T1588	0 1 160 1068 970 851 28 1008 9
T1008	10 24 1705 1278 9
T1009	87 1474 1475 144 1120 14 1706 190 9
T1002	11 48 311 1225 1224 9
T1003	11 1707 311 341 197 38 884 1708 1282 9
T1000	10 75 14 65 432 1393 9
T1001	10 87 25 341 543 48 311 1225 9
T1006	10 24 38 39 47 13 1709 118 1710 1711 9
T1007	416 67 0 1 38 1705 1278 119 936 9
T1004	11 38 884 179 1712 28 223 368 28 1713 197 38 1282 9
T1005	101 1714 47 11 38 39 13 1711 1715 9
T1586	10 1716 24 38 39 118 952 72 740 30 9
T947	97 1717 1372 1718 190 9
T128	416 42 41 359 14 1714 1357 473 1719 9
T286	50 14 1687 610 97 862 9
T1585	10 11 38 898 341 109 1720 72 1721 1722 9
T287	50 14 1687 610 97 14 1723 862 9
T303	0 1 2 1236 63 1676 28 896 9
T1137	0 50 71 647 118 63 72 14 437 635 63 453 67 0 50 425 679 420 82 160 24 72 14 437 9
T1134	0 1 41 176 1217 9
T300	0 99 35 1724 1725 274 9
T307	179 10 180 37 0 37 67 416 208 2 1269 111 1726 9
T306	179 10 180 185 143 1269 331 1726 9
T1130	42 41 701 4 1229 269 28 38 21 131 1298 41 124 38 25 1524 364 234 1331 9
T1131	10 11 1727 1283 1728 1680 341 33 14 410 37 118 256 1729 364 67 1357 9
T309	0 42 41 1730 43 1731 9
T308	0 1730 24 2 9
T1138	23 1 41 175 118 1732 453 654 43 679 197 43 560 9 23 1 41 647 341 41 133 266 131 132 1733 437 40 9
T1139	0 42 41 176 1707 250 1669 186 58 1734 9
T826	23 1735 177 243 245 63 559 1736 635 14 319 1737 37 260 179 654 37 118 1738 1739 67 1740 9
T827	0 42 41 701 38 1741 1200 131 1742 525 870 9
T1584	10 24 38 1720 898 498 341 72 1743 37 1744 9
T288	11 1745 1746 1747 82 1202 408 38 1240 316 118 1236 1748 37 11 118 1236 1299 307 71 9
T945	1174 1749 715 72 1750 9
T944	41 97 1751 1752 142 42 41 1031 158 14 1753 1754 72 38 1755 1549 9
T129	416 1 41 359 14 1756 1357 473 1719 9
T825	101 11 559 1757 1736 17 63 72 14 850 19 1402 72 4 1758 319 9
T941	11 1334 1240 14 1759 9
T940	10 11 14 980 1760 9
T943	0 324 41 158 14 1753 1754 82 41 97 1761 635 38 337 1752 9
T942	1554 118 38 1762 37 275 24 662 1763 142 23 24 1240 361 1763 72 1000 118 1334 1015 72 1764 9
T123	10 543 14 1190 1765 292 38 1766 9 0 185 71 63 642 9
T122	11 71 809 118 97 14 1190 1765 292 38 1766 28 43 981 9
T121	11 1767 1768 1769 9
T120	0 1 41 1770 1514 58 14 1767 1768 537 1771 9
T949	42 1399 420 63 1550 9
T948	97 1772 1773 1372 1718 190 9
T125	0 252 11 38 56 658 78 1774 1775 9
T126	23 1 41 323 119 1776 9
T1764	23 50 274 1777 67 1778 654 1779 1113 101 71 1780 1781 97 72 38 48 9
T820	10 24 223 1782 587 307 1331 9
T1583	160 1574 1783 166 37 983 1202 1549 145 1064 97 1784 166 142 260 41 1785 1786 37 87 38 587 277 41 1787 118 166 1788 1789 43 1790 9
T124	0 11 38 56 339 1791 658 339 1791 67 38 1792 1793 270 9
T1259	508 1794 17 10 11 913 72 132 1795 277 1796 1797 361 9
T1258	0 42 41 206 43 1798 28 1799 9
T1253	0 1 2 521 277 111 1800 526 2 9
T1252	10 11 38 623 28 984 985 9
T1251	10 11 38 623 28 93 1801 95 9
T1250	0 24 38 498 1802 1714 1803 1558 9
T1257	0 1 41 531 43 1798 28 1799 9
T1256	42 1804 1805 118 145 0 118 1 131 1063 132 1806 938 9
T1255	42 1804 1805 118 145 0 118 1 132 938 131 1063 9
T1254	10 24 38 40 277 2 526 38 25 307 111 1800 9
T549	10 24 223 28 38 39 309 67 1696 870 277 1807 1588 557 1808 9
T548	0 50 71 647 118 701 1809 118 111 452 234 449 9
T239	10 11 38 1810 1811 9
T238	185 38 1812 63 1813 19 1814 264 514 38 1811 9
T237	10 24 223 1815 667 277 362 277 25 21 1 149 521 307 9
T236	10 24 223 1815 235 1816 277 362 277 25 21 1 149 521 307 9
T235	0 1 1817 67 1818 302 72 38 1037 93 1819 95 9 0 24 60 593 9
T542	10 50 580 1820 212 13 1821 9
T233	23 1 1822 173 104 67 999 72 336 106 800 331 174 118 984 1823 929 28 754 72 132 79 67 104 279 106 180 9
T544	185 41 63 1400 277 43 152 1529 866 1824 1825 907 1826 37 67 260 98 37 23 9
T231	23 1 160 971 9
T230	23 1 160 971 82 160 24 738 67 82 160 24 1827 9
T1581	10 1 1772 1773 288 9
T1768	87 1828 1200 1829 206 1830 13 1831 234 1828 1200 1832 635 38 1674 1675 1759 9
T435	10 11 1833 782 80 9
T434	10 11 14 957 316 118 80 1833 782 9
T437	42 14 410 671 58 1834 341 1835 67 1085 38 56 1834 341 1836 67 1837 211 1157 552 118 38 671 58 1838 67 119 14 593 1401 9
T436	0 1 41 1839 627 165 118 1436 1776 9
T431	11 38 1840 571 27 552 28 1240 1840 9
T430	11 38 1840 571 27 552 28 9
T433	11 14 1841 1079 443 118 119 1064 14 846 141 9
T432	41 232 14 1841 1079 142 11 71 1842 118 119 1064 846 49 341 1843 9
T439	0 42 41 119 176 118 129 1844 1845 9
T438	0 42 41 129 235 1845 9
T1560	0 1 38 1048 67 1846 119 999 9
T832	11 275 14 1847 1848 947 377 9
T835	23 629 149 41 1236 1584 1465 9
T834	50 71 1627 58 101 319 2 1 111 671 104 1849 106 58 13 967 1064 14 846 209 1850 1085 260 41 1221 603 104 1851 1852 1853 106 9
T1749	1 2 170 1854 28 954 67 779 1855 1856 11 140 118 1857 1253 9
T1748	0 42 420 954 67 779 1855 1858 1265 38 1687 787 72 274 9
T1741	10 117 63 38 397 320 72 38 1859 9 1860 9
T1740	10 360 38 397 320 72 38 1264 1861 9
T1743	10 1 160 363 118 97 38 39 1862 9
T1742	10 24 38 39 40 118 1 234 1862 9
T1745	41 133 1863 67 41 175 118 952 787 72 1716 1864 416 185 41 176 9
T1744	41 737 118 176 952 72 1151 67 1524 1232 142 416 185 41 271 1865 820 13 39 1830 37 1178 1786 67 98 234 9 41 133 1866 142
T1747	23 1 116 637 1867 124 9
T1746	23 1 116 637 1867 124 9
T541	23 24 149 275 559 841 341 580 1820 9
T540	0 42 41 119 627 1868 1869 28 1870 9
T543	43 1871 11 1872 58 1873 142 41 97 14 1874 1875 28 221 866 136 41 97 43 189 234 142 41 97 137 795 0 118 63 131 866 142 10 185 41 1 9
T234	208 2 359 38 1265 28 38 1037 93 1819 95 1776 9
T69	10 11 38 39 171 1154 9
T68	10 11 38 39 171 1154 72 1876 9
T65	10 377 28 1877 1878 117 2 25 341 118 63 179 38 1879 28 9
T64	10 377 28 1877 1878 117 63 38 25 341 118 674 2 1879 9
T67	0 11 38 1078 994 28 1880 1881 1175 9
T66	50 38 446 203 613 1031 1882 104 716 37 1646 142 106 223 446 203 1700 100 331 1883 460 9
T61	10 360 167 40 2 1 1884 521 12 9
T60	10 360 167 40 2 117 341 118 1 12 9
T63	0 42 41 487 43 1198 58 119 1199 179 1200 9
T232	23 1 223 173 341 118 1885 331 331 1886 618 82 984 929 9
T547	0 1 2 647 82 143 1809 111 452 234 449 9
T546	0 1 41 119 1887 13 1154 9
T1929	0 185 41 63 14 21 410 9
T1928	0 1 41 119 118 63 14 21 410 9
T1925	11 71 172 118 1031 97 14 798 1888 1830 197 1889 1142 9
T1924	11 294 1261 360 1890 1807 33 65 33 1770 38 630 1891 9
T1927	0 42 41 521 277 1202 11 43 1892 9
T1926	0 1 41 521 260 43 1893 11 43 1892 9
T1921	10 1394 28 350 24 2 9
T1920	10 1394 28 350 208 132 9
T1923	10 11 195 559 523 9
T1922	0 50 1894 1895 1159 58 1896 1753 1897 1089 9
T1811	23 1898 1899 1329 1900 1901 118 1902 1898 9
T1810	23 107 1900 1901 1903 9
T1813	1251 1904 1905 1906 72 422 9
T1812	0 1 2 261 1907 1251 1904 9
T1815	23 133 41 98 1908 9
T1814	23 97 41 1372 98 1908 183 9
T1817	23 1 21 228 97 266 1909 360 1737 72 114 763 1910 2 68 118 1 14 1909 360 9
T1816	0 1 2 1911 14 1912 37 1612 2 97 149 266 114 190 67 1 149 97 114 190 1913 303 9
T1819	10 24 223 1914 28 1915 9
T1818	10 24 38 1914 28 1916 9
T1037	11 71 861 118 288 290 893 1166 79 9
T1036	416 42 41 359 38 39 1845 1917 9
T1035	41 133 1918 36 142 41 97 1919 368 1575 142 127 43 1920 1246 107 206 118 1921 104 541 106 142 41 1 1922 67 288 1118 1923 142 23 132 259 9
T1034	10 24 223 65 627 638 1924 1925 1926 1927 9
T1033	10 24 1926 1927 9
T1032	10 11 38 302 312 477 67 480 405 9
T1031	10 24 38 59 302 312 477 405 67 480 405 9
T1030	50 1928 1929 543 73 435 1630 1930 9
T1039	10 580 455 38 631 234 1931 360 1932 1933 9
T1038	11 71 861 118 288 167 1592 1166 79 9
T1103	10 24 38 39 125 679 1934 167 42 212 118 75 256 679 797 9
T1102	10 11 38 1229 28 38 963 17 1935 377 9
T1101	10 24 38 244 963 355 72 38 1264 9 104 72 1229 106
T1100	0 117 254 1283 558 209 135 72 38 884 9
T1107	10 11 111 1936 350 573 67 23 9
T1106	0 724 784 1 41 1269 78 1937 197 1166 165 41 288 9
T1105	0 724 784 87 41 1269 78 68 288 13 14 713 9
T1104	10 24 38 1934 72 125 679 9
T336	101 24 38 39 940 763 9
T337	10 11 38 39 763 28 940 9
T1109	0 1 1177 1938 233 1678 9
T1108	10 11 111 1939 350 573 9 67 23 9
T332	24 613 722 1940 118 1941 1942 1943 9
T333	42 14 613 722 514 1944 9
T330	101 11 38 39 1945 131 1874 1946 378 779 9
T331	101 11 38 39 1945 378 381 779 9
T930	10 11 132 745 360 214 9 41 701 866 1947 142
T931	10 11 38 39 1948 13 1592 1949 9
T932	10 24 223 65 1949 1948 9
T933	10 24 223 65 218 118 129 1950 72 274 9
T682	11 1951 1952 14 252 1413 9 23 19 23 68 9
T683	11 1953 1954 14 252 1413 9
T936	0 1 2 949 14 1432 131 14 1955 1956 9
T681	0 1 389 1957 1958 233 9
T938	42 41 1959 43 787 58 114 1960 28 1961 1135 1962 1135 11 1135 28 1963 41 97 137 1177 318 67 1964 658 9
T939	11 71 913 13 145 118 63 1514 131 43 679 9
T688	10 11 38 1965 1966 1967 1669 165 1968 28 457 104 872 106 9
T689	0 1 41 1969 43 165 1968 13 907 77 118 1092 1205 457 9
T1244	11 71 1970 118 699 143 1971 1330 9
T1245	10 24 942 67 1972 1732 782 72 1973 1974 9
T1246	10 24 223 1975 1972 218 118 1732 72 1974 9
T1247	11 275 114 619 1154 593 118 449 9
T1240	10 24 223 1976 1977 307 1883 67 613 72 1978 9
T1241	10 11 38 1979 9
T1242	10 11 38 1979 28 939 9
T1243	0 185 41 1980 118 43 1981 228 699 145 1971 1330 9
T1248	24 275 114 1154 341 449 9
T1249	10 24 38 498 72 1714 1803 1558 9
T828	10 11 38 316 118 1584 1741 1200 131 1742 525 234 38 1638 9
T208	42 41 821 43 1330 260 41 1982 38 818 9
T209	10 185 41 1 260 41 1982 43 1330 818 9
T202	208 1983 1984 97 14 1985 72 256 1986 9
T203	0 208 1983 1984 1987 118 1988 9
T200	87 275 792 63 114 311 312 274 67 313 441 38 1989 1990 9 10 87 63 71 387 9
T201	87 275 63 14 1991 311 312 274 67 313 9
T206	101 11 38 39 1992 1037 28 457 9
T207	101 24 223 28 38 39 1992 1037 9
T204	10 386 38 311 1993 28 38 1994 67 38 1995 109 38 1707 311 9
T205	0 324 38 1995 97 172 1996 1994 1549 179 1997 109 38 1998 1707 311 9
T592	0 1 1999 67 2000 2001 391 67 975 9
T593	23 208 38 2002 60 212 13 2003 72 2004 41 2005 98 252 9
T590	10 87 63 38 387 28 38 2006 28 38 2007 67 2008 1858 234 38 1716 1864 9
T591	0 50 1999 2001 302 58 2000 2001 9
T848	0 42 41 119 774 28 38 647 277 43 1893 11 2009 234 145 9
T597	10 38 406 28 132 654 679 9
T594	23 1 21 68 454 93 2010 95 928 67 2011 928 234 678 930 1154 9
T595	234 10 523 578 42 41 928 2012 13 2013 787 915 9
T844	101 1432 250 24 835 72 2014 9 0 65 24 60 391 118 2015 67 304 118 155 619 9
T845	23 2016 1786 1881 1120 616 38 2017 1618 2018 9
T846	23 629 149 2019 295 1120 616 2020 295 9
T599	0 185 41 176 369 121 387 9
T840	10 11 111 2021 269 9
T841	0 208 2 626 417 2022 1465 9
T842	0 386 2 626 2023 118 1465 9
T843	101 1432 250 24 835 72 809 37 2024 9 0 65 24 60 391 118 2015 67 304 118 155 619 9
T440	0 1 41 2025 58 449 9
T441	42 41 2025 787 234 449 9
T442	10 11 43 2026 2027 9
T443	10 360 38 2026 13 2028 9
T444	0 42 41 359 519 72 2029 9
T445	0 42 41 359 4 71 519 72 2029 9
T446	10 24 223 299 28 1632 212 38 580 93 2030 95 9
T447	10 11 38 39 2031 2032 1242 2033 67 83 994 9
T448	87 275 63 1606 2034 909 2035 2036 9
T449	82 87 38 2035 622 38 397 2034 909 2036 9
T118	10 24 38 39 316 118 129 2037 9
T119	0 1 41 129 2037 2038 9
T824	10 11 38 2039 13 2040 2041 2042 599 9
T822	24 275 114 1588 2043 277 253 254 50 2044 9
T823	11 71 426 277 72 1229 118 63 402 28 4 2045 19 905 917 67 923 37 2 97 118 334 14 1506 876 2046 137 916 179 654 9
T1759	0 99 2047 24 275 72 2048 2049 245 246 72 38 2050 2051 9
T1752	228 24 38 39 1249 2052 2053 72 274 9
T1753	228 11 38 39 2053 28 1249 2052 72 274 9
T1750	10 185 41 59 72 104 319 106 277 2054 149 676 145 2055 104 619 635 940 37 1666 37 296 106 9
T1751	10 185 41 1 72 14 2056 2057 82 619 487 146 67 2054 149 2058 145 1299 1085 197 41 528 754 118 2058 145 9
T1756	11 275 114 1758 2059 2060 72 38 48 9 33 14 2061 414 142
T1757	11 275 114 523 217 835 13 2062 38 165 67 414 2063 28 14 1542 245 72 1674 2064 9
T1754	24 275 114 598 46 1842 118 460 2065 1058 2066 58 2067 360 2068 2069 9
T1755	1 160 97 598 46 1842 2070 118 701 38 2071 1538 1058 234 38 2068 78 38 2072 2073 37 399 2074 1852 277 353 208 72 587 2069 275 9
T72	41 191 14 2075 142 0 42 41 1068 43 851 19 10 185 41 1 118 158 4 1739 72 38 397 2076 35 9
T73	41 133 14 2077 35 36 407 142 0 42 41 158 14 1024 72 38 397 1143 35 9
T70	23 1 223 21 170 2078 87 1405 118 984 331 997 2079 9
T71	501 275 1372 14 997 918 2080 118 984 2079 997 21 2081 1150 9
T76	0 1 160 186 13 2082 9
T77	0 1 41 186 13 1707 250 9
T74	82 14 152 528 866 174 93 23 208 2 215 145 9 10 75 2 175 118 63 131 145 9 93 37 10 185 167 2083 118 866 9
T75	43 152 1131 277 160 185 1265 132 100 157 11 2084 307 866 647 13 145 142 41 737 866 1417 67 2085 142 185 41 1293 866 67 528 866 260 157 175 118 119 16 164 9
T78	10 11 38 2086 994 67 2087 28 4 2088 131 2089 2090 2091 16 9
T79	23 208 992 1236 212 2092 2089 37 341 1461 234 4 2088 9
T821	11 253 254 984 2044 37 33 2093 2094 1658 9
T642	10 87 63 38 2095 28 2006 954 67 779 1855 2096 1858 234 209 2097 9
T643	23 50 2098 1204 2099 9
T640	11 275 14 638 250 277 42 447 2100 2101 118 1249 2102 544 58 844 2103 9
T641	0 87 209 2104 63 558 58 2006 954 67 779 1855 1858 9
T1938	23 1 149 2105 67 38 341 2106 118 103 164 2107 2108 67 2109 31 28 74 2079 9
T1939	50 2110 2111 242 54 9
T1936	10 92 11 2112 104 72 434 360 435 106 9
T646	24 640 2113 350 9
T1934	1573 111 372 33 2114 28 203 2115 2 2116 1064 38 884 360 2117 245 37 10 87 2 1 118 2118 38 2119 1670 9
T1935	10 107 111 2120 2121 33 2114 28 203 9
T1932	0 1 41 705 2122 682 9
T1933	0 42 41 2098 682 9
T1930	0 50 14 73 436 437 233 9
T647	10 71 11 341 118 63 2009 718 72 14 437 9
T644	10 75 2098 1204 2099 9
T645	23 24 640 1573 2123 9
T1802	0 42 41 119 566 67 1396 234 43 2124 9
T1803	0 42 41 119 559 566 234 43 2124 9
T1800	23 275 11 98 724 2125 1514 72 377 28 1877 9
T1801	23 11 275 98 724 2125 72 38 377 28 1877 1696 1264 9
T1806	10 245 246 185 41 129 260 41 175 118 1 14 2126 2127 377 9
T1807	101 245 246 185 41 129 260 41 175 118 531 377 841 9
T1804	41 97 1240 1575 77 13 43 629 2128 1669 0 1 41 186 9
T1805	41 175 118 1092 629 2128 72 1575 77 142 0 185 41 515 9
T1808	10 11 111 460 234 38 127 1219 72 274 9
T1809	10 24 111 460 234 1219 28 2129 52 2130 1858 72 274 9
T1020	23 208 38 973 28 2131 259 9 0 50 71 391 118 38 973 28 2132 2133 9
T1021	10 11 4 2134 2135 9
T1022	2135 17 10 11 2136 9
T1023	10 11 38 39 218 13 166 9
T1024	10 11 38 39 218 118 97 166 58 9
T1025	1 21 131 2137 22 1398 9
T1026	50 2137 206 2138 9
T1027	0 1 2 647 307 38 56 2139 1663 37 183 457 9
T1028	185 41 119 38 56 2139 1663 9
T1029	50 980 111 624 532 1365 543 1630 1930 9
T329	0 42 41 447 787 58 43 2140 820 118 43 2141 820 118 1959 9
T328	0 42 41 1072 787 58 2141 118 14 2140 820 9
T1118	10 185 654 1167 940 135 521 9
T1119	10 42 63 38 2142 1972 118 221 39 218 72 710 13 2143 1451 104 2144 79 106 9
T321	10 11 38 2145 2146 28 654 165 9
T320	10 11 38 2145 2146 2 521 9
T323	260 41 133 676 2147 37 42 41 758 2148 43 2149 131 43 2150 820 37 67 983 833 43 2151 537 97 118 758 16 38 251 2152 41 232 13 97 2150 9
T322	41 232 519 1383 848 2153 37 439 131 2154 1048 2155 251 2152 142 2156 120 2157 77 914 13 553 9 52 2158 172 9
T325	10 1 1998 170 307 38 446 1195 9
T1111	0 99 1167 940 671 58 274 1196 35 9
T327	0 42 41 212 2159 13 121 9
T326	0 1 41 212 2159 33 14 121 1112 9
T691	101 24 39 530 327 118 941 378 2160 9
T690	10 11 38 39 327 118 941 2161 2162 9
T921	101 658 185 41 176 131 13 38 1205 186 9
T920	10 658 24 70 970 72 332 333 9
T695	501 700 211 1574 14 2163 113 9
T694	10 360 38 39 2163 113 2 969 211 1574 9
T697	0 42 41 487 43 640 58 119 2164 9
T696	23 1 41 487 119 2164 58 43 640 9
T699	82 107 38 1633 2165 502 9
T698	10 35 208 38 1633 2165 417 9
T929	1573 38 1621 2166 28 1844 667 10 11 38 1171 28 349 930 9
T928	260 143 2167 2 78 111 2168 131 2169 331 1210 67 500 2 118 2170 552 37 11 277 2171 67 42 2 1293 38 1223 9
T1231	23 11 2172 2078 98 736 13 38 48 9
T1230	10 259 82 2 2173 1064 14 47 136 60 978 2 2174 9
T1233	10 11 38 1021 313 1250 2175 9
T1232	23 11 2172 2078 98 736 118 38 48 9
T1235	0 1 41 42 1236 2176 9
T1234	501 313 158 14 431 2177 13 853 2175 9
T1237	72 111 2011 37 10 11 38 39 2178 605 28 654 165 9
T1236	0 42 41 1236 2176 9
T1239	10 24 223 1976 1977 307 1883 67 613 72 2179 9
T1238	10 360 38 39 2178 691 2180 28 654 165 9
T215	10 11 38 302 312 526 67 2181 9
T214	10 360 38 302 312 526 67 2181 9
T217	0 1391 11 38 1040 1670 179 2182 52 2183 1135 9
T216	0 1391 11 38 1040 1670 179 2184 1135 9
T211	0 2185 324 558 38 2104 28 274 72 2169 308 74 67 73 74 9
T210	87 38 127 2185 1913 72 769 2104 9 260 98 0 724 9
T213	42 2186 63 1934 9
T212	97 2 211 2187 28 171 1934 9
T219	10 11 38 546 28 1887 312 844 2188 1360 1913 9 2189 142 2190 540 2191 2190 1575 72 455 37 626 1470 2191 2192 1470
T218	0 844 144 72 2193 455 2194 28 38 1360 1913 9
T589	10 87 63 38 387 28 2006 954 67 779 1858 234 1716 1864 72 274 9
T588	10 1 2 21 170 28 2195 2196 2197 67 256 2198 9
T859	185 41 212 2199 2200 2201 13 14 1199 1198 9
T858	10 87 1019 1020 1 30 9
T857	10 117 1019 1020 1 30 277 38 1282 11 441 9
T856	0 1 41 119 1331 2202 2203 234 2204 1143 9
T587	10 2205 2206 170 307 1048 280 9
T586	0 724 787 185 41 1449 9
T581	11 275 4 1265 118 38 49 37 67 260 68 37 11 38 49 1188 9
T580	10 24 38 25 802 148 67 1095 277 1956 11 417 618 131 72 457 9
T583	10 11 2207 9
T850	101 11 38 39 2208 2209 173 2210 72 2211 9
T1349	10 24 223 802 587 307 2212 9
T1348	10 24 223 28 38 25 1815 587 307 2212 9
T1345	10 11 38 2213 28 38 209 882 9
T1344	2213 28 675 816 72 209 882 9
T1347	10 11 38 212 28 1219 381 142 954 52 381 142 779 1858 9
T1346	10 360 111 2011 307 38 1289 234 1903 28 954 67 779 1855 2096 1858 9
T1341	0 1 359 39 518 13 325 1845 9
T1340	10 24 316 118 1089 131 2214 1845 67 1904 28 325 518 9
T1343	0 2215 117 71 63 118 129 0 118 845 38 2216 260 41 521 0 118 845 38 1100 9
T1342	10 11 38 39 2216 13 2217 118 129 234 9
T101	0 11 177 2218 523 245 13 2219 789 51 9
T100	11 177 2218 65 13 2219 789 51 186 9
T103	0 42 2 845 14 2220 592 2221 234 14 2222 2221 1493 9
T102	87 14 2220 592 845 234 14 2222 2221 1493 9 260 98 37 0 9
T105	2223 10 259 82 2224 2225 9
T104	2226 157 11 323 1827 9
T107	10 11 38 25 1080 2227 2 969 211 2228 67 23 9
T106	10 11 38 2229 2230 40 2 969 211 2228 67 23 9
T109	23 629 149 41 1 43 2231 9
T108	0 2232 558 38 2233 67 251 473 9
T459	10 42 41 1 118 75 38 48 14 12 218 9
T458	0 42 160 75 38 48 14 12 218 118 525 72 13 38 1171 936 9
T415	101 2234 501 38 39 2235 72 2234 360 2236 9
T414	10 24 38 39 2237 28 38 2234 360 2236 1264 9
T413	10 11 2238 2239 341 9
T412	10 11 71 341 118 63 2238 2239 9
T411	11 2240 38 2241 28 2242 72 703 37 19 14 2243 277 703 50 68 362 9
T410	260 2240 11 38 2241 28 2242 72 703 37 10 11 38 435 13 38 2242 277 275 11 137 703 9
T1699	10 386 38 543 13 48 311 540 9
T1698	10 386 38 577 67 25 736 1883 543 28 48 311 540 9
T1693	0 1 41 1269 784 537 1 1922 19 2244 9
T1692	0 1 41 1269 784 537 1 114 1673 9
T1691	10 11 520 67 71 212 9
T1690	10 11 38 520 654 307 9
T1697	41 191 2245 42 41 522 14 775 72 256 1397 360 9
T1696	10 360 71 341 522 14 2246 9
T1695	10 279 1917 97 2247 2248 277 42 63 1638 118 75 2249 137 995 19 2250 9
T1694	23 1 279 1917 97 2248 995 9
T1479	10 613 1669 37 619 635 38 1205 42 1078 1220 1274 35 235 939 135 674 9
T1478	10 613 1669 37 619 635 38 1205 37 42 1274 35 235 939 135 674 9
T1477	260 41 2251 143 360 525 630 234 565 1 60 119 2252 9
T1476	260 2 2251 143 360 565 630 37 87 60 119 2252 277 2 2251 71 9
T1475	416 42 41 119 815 250 13 2253 657 67 657 1903 72 2254 9
T1767	23 50 71 647 341 275 11 14 1956 72 43 2255 9
T1766	10 50 14 1813 2255 647 341 13 14 775 9
T1765	23 50 274 323 1777 67 1778 654 1779 1113 313 97 131 619 47 72 38 48 9
T1474	416 42 41 941 39 815 731 2256 2257 2258 72 2254 2259 9
T1763	10 11 38 39 2260 217 13 2 2261 630 75 104 2169 1641 67 627 106 9
T1762	10 11 38 39 1112 118 129 1716 1864 523 9
T1761	10 11 38 2262 40 104 2182 106 307 1449 1008 72 2263 9
T1760	10 11 38 2262 40 104 2182 106 307 1449 1008 72 2264 9
T1473	11 71 182 183 118 140 118 824 141 179 871 9
T1769	23 11 38 1674 1675 1759 104 1696 1264 106 98 2265 9 23 11 71 98 2265 131 2266 2267 9
T1472	11 71 182 183 118 140 118 824 141 67 158 14 1654 9
T1565	11 275 14 1674 916 277 254 87 281 38 1282 9
T1564	50 254 97 14 916 179 281 1283 9
T1567	10 235 939 248 185 41 984 260 41 175 118 334 14 148 338 19 1153 116 9
T1566	10 260 41 2268 43 519 58 1153 118 2269 235 9
T1561	41 233 13 2270 67 2271 58 868 2272 2273 958 87 60 984 114 955 922 9 87 71 387 82 334 619 116 9
T1471	1 173 119 865 234 331 556 2274 9
T1563	10 24 223 28 38 39 1641 402 165 519 277 42 63 266 58 2031 9
T1562	10 24 223 28 38 39 2275 519 416 2 42 233 58 2031 67 75 223 65 2276 9
T1682	42 14 751 407 522 14 2208 751 173 9 11 71 338 234 0 2277 38 1616 11 19 24 275 619 542 118 71 9
T1470	23 11 71 277 1166 1822 173 501 14 865 234 866 508 2274 9 11 71 38 2278 19 331 1034 9
T1569	0 1 41 2279 2280 2281 9
T1568	0 42 41 2279 2280 2281 9
T1683	10 1 2282 83 58 751 9
T1909	11 679 14 919 19 2283 9
T1908	10 11 679 537 919 9
T1903	23 11 253 254 1250 98 724 9 10 87 259 260 1202 281 38 1282 9
T1902	2284 705 37 10 117 259 118 38 45 260 253 254 281 1283 72 38 457 1282 9
T1901	10 11 1000 33 38 39 691 2285 9
T1900	10 24 223 28 38 39 691 2285 211 9
T1907	10 360 71 341 118 63 2286 2287 28 38 549 1008 9
T1906	10 360 71 341 118 63 14 2286 2287 28 549 1008 9
T1905	10 24 38 224 28 2288 72 173 9
T1904	10 24 224 28 2288 72 66 9
T1839	0 185 41 176 2289 37 67 82 9
T1838	0 185 41 176 2289 9
T1837	1360 2290 518 28 879 1609 2291 9
T1836	0 11 71 172 118 1056 72 38 36 2292 72 101 275 11 905 167 703 67 179 38 238 165 1056 72 2293 9
T1835	14 1557 2108 1449 2294 118 38 180 28 907 104 353 35 106 42 2295 260 1202 117 63 2296 72 38 2297 9
T1834	0 2284 11 71 118 119 14 2192 2298 1737 72 511 33 4 1678 135 902 14 626 2298 1737 72 2299 9
T1833	10 24 38 39 680 1741 355 9
T1832	10 24 223 792 65 67 1614 680 1741 355 9
T1831	10 42 41 1 82 41 191 2300 9
T1830	41 191 2300 142 10 185 41 1 9
T1169	0 1 41 1236 63 1237 118 1465 9
T1168	42 2 845 726 2301 907 377 234 14 1714 2301 907 9
T1161	23 274 50 68 97 364 304 131 71 360 1780 47 9
T1160	117 2 175 118 63 1283 9
T1163	1 254 2302 1006 277 1202 501 2303 654 256 2304 2305 9
T1162	0 24 274 360 304 131 38 2306 9
T1165	42 41 129 532 1365 9 260 98 37 0 9
T1164	0 87 254 1250 1987 1636 60 2307 1202 629 149 19 2054 149 487 256 2304 2305 9
T1167	42 2 845 726 2301 907 377 234 14 1714 2301 9
T1166	0 42 41 2308 129 532 1365 9
T668	11 275 14 2309 1021 277 21 971 82 60 24 554 9
T669	10 11 38 2309 1021 13 971 9
T918	2310 2311 17 24 275 114 1171 1086 28 2296 689 72 274 9
T919	10 24 38 846 1143 658 167 185 970 72 256 19 866 332 333 9
T916	0 1 41 176 833 234 2312 9
T917	2310 2311 17 82 4 160 83 689 72 274 9
T914	0 1 2 1236 14 2313 360 2314 118 2315 2 67 2316 2317 9
T667	42 41 119 14 519 72 14 2318 850 197 2319 72 2320 58 878 9
T660	10 24 38 1664 67 1665 28 38 2321 2322 640 9
T661	10 24 38 1664 67 1665 28 97 14 2323 2321 2322 9
T910	23 1 41 647 341 41 191 2324 307 1211 82 41 97 1206 118 63 2324 307 9
T663	10 11 38 302 312 14 2325 67 14 2326 9
T1222	10 11 38 1108 952 260 41 175 118 941 563 67 1880 2327 9
T1223	11 2328 2329 2330 9
T1220	117 38 48 63 1761 667 2331 260 38 1029 48 311 1574 2332 883 9
T1221	10 11 38 39 316 118 952 72 563 67 1259 1880 9
T1226	10 11 14 65 1112 118 129 2333 9
T1227	0 117 1 2 1370 14 410 131 2334 28 802 9
T1224	24 2335 1250 28 280 9
T1225	10 24 223 65 1112 13 129 2336 9
T1228	10 24 223 299 28 0 118 1370 14 410 72 14 372 1260 9
T1229	11 71 172 118 1492 985 2043 1260 234 14 2337 1917 9
T260	10 24 223 2338 2339 9
T261	10 11 14 2340 52 2339 9
T262	107 1624 2341 1299 923 9
T263	101 248 11 12 72 2342 9
T264	0 1 41 240 43 2343 1482 1330 9
T265	0 1 2 240 14 2344 2343 9
T266	11 71 809 13 2345 1012 118 63 1460 118 2346 999 9
T267	23 133 41 1460 118 2345 1012 9
T268	10 11 38 2347 2348 19 2347 2349 378 2350 9
T269	10 11 38 2347 2351 2352 9
T1598	24 275 114 2353 2354 228 176 2355 72 679 67 1099 234 118 158 2356 9
T1599	10 24 38 1664 67 1665 28 2357 14 369 2243 1790 264 38 21 360 1288 234 1696 9
T868	0 11 38 2358 2359 14 2360 9
T869	185 41 129 2361 2362 31 28 2361 1575 260 41 1 149 521 2363 9
T862	0 1 41 186 13 1144 2364 72 682 2365 9
T863	0 208 332 1714 119 2366 264 38 2367 793 9
T860	0 1 2 514 2199 2200 2201 118 642 14 1199 1198 9
T861	0 41 176 186 13 2368 1144 682 2365 2050 2039 9
T866	228 11 38 39 2369 639 72 1097 9
T867	11 2370 2371 14 2360 870 9
T864	0 208 60 408 2372 72 2373 264 2374 107 2023 118 1714 52 38 2373 246 9
T865	10 11 38 39 2375 13 2369 639 9
T1358	0 185 41 452 260 4 1045 528 145 118 833 14 213 19 114 619 148 33 41 133 801 14 2376 9
T1359	10 185 63 38 452 260 111 1045 528 2 118 833 256 213 72 2377 28 1300 9
T1356	23 24 98 99 454 928 118 449 277 24 98 2378 452 78 212 844 9
T1357	23 1 99 449 2379 528 454 60 324 61 552 523 9
T1354	10 11 38 2380 28 2381 9
T1355	10 11 2381 9
T1352	101 658 11 39 13 1427 660 9
T1353	101 11 38 39 658 13 660 13 1427 9
T1350	260 2169 38 2382 97 812 2056 2383 37 42 38 1793 97 2384 9
T1351	260 2169 43 2382 97 812 2056 2383 42 41 63 2384 9
T468	254 1250 37 0 1 2 647 307 38 316 1202 360 2385 16 256 2305 9
T469	1 254 1250 30 83 38 1283 118 525 552 118 256 2305 1202 98 1549 108 754 234 9
T466	1 1465 571 1584 1465 9
T467	0 42 41 658 2386 2387 118 571 72 4 2388 355 9
T464	416 50 38 2389 58 38 1393 2390 417 58 37 67 0 50 390 2390 2391 391 118 2390 2392 9
T465	416 50 38 2389 58 38 1393 2390 417 58 37 67 0 50 390 2390 2391 391 118 2390 2393 9
T462	11 1929 907 2394 28 2389 155 79 2395 9
T463	0 99 2394 28 2389 185 41 1929 260 41 74 2396 125 9
T460	0 99 2356 24 275 72 2397 28 572 9
T461	228 11 38 39 2398 104 2397 28 572 106 2356 9
T714	324 654 2399 2400 63 266 78 14 453 2401 2402 9
T715	0 2403 11 182 2403 9
T716	0 2403 24 2 9
T717	24 275 114 302 312 2404 67 2405 9
T710	10 49 50 265 852 55 56 57 58 9 10 59 24 60 61 13 9
T711	10 24 223 28 38 39 355 2406 2 97 417 2022 9
T712	10 24 38 39 52 2407 355 2406 9
T713	10 24 223 299 28 2408 67 0 24 60 1911 9
T718	10 360 38 302 312 312 67 2409 9
T719	24 791 2410 792 1380 9
T484	72 38 845 93 14 2411 72 38 2412 95 37 23 1 2413 2012 2414 1129 9
T485	72 93 14 2411 72 38 2412 95 37 23 1 2413 67 2414 1129 9
T486	10 24 38 2415 28 4 2416 839 410 845 2417 9
T487	10 24 2415 28 2416 839 21 2418 331 2278 9
T480	10 11 38 2419 28 14 2420 2421 9
T481	10 11 38 2419 28 14 2422 2421 9
T482	275 24 2423 1956 142 1142 28 754 2424 38 238 142 540 28 754 501 14 302 784 37 104 2 1 149 521 260 71 360 2425 19 2426 106 142 0 1 2 359 38 1084 1956 131 1575 2424 9
T483	0 99 907 279 320 42 63 1911 78 212 2427 37 540 37 1575 37 1227 37 907 37 361 37 879 37 67 1142 9 0 99 28 754 24 312 2428 67 2429 9
T488	260 1190 628 11 502 131 1193 42 1188 28 71 63 502 9
T489	260 628 11 68 2430 72 4 415 49 37 11 1502 628 1188 104 38 628 277 42 63 502 11 1188 106 9
T1426	10 24 1435 27 28 9
T1381	10 24 1241 2431 72 1542 9
T1380	72 2432 37 10 24 1241 2431 9
T1383	42 2433 63 129 9 19 11 71 14 2434 97 71 19 68 95 451 28 40 9
T1770	0 42 41 411 2435 179 1863 9
T1771	0 42 2 206 111 383 9
T1772	97 2 211 1372 699 9
T1382	42 2 2436 413 37 19 11 71 2437 9
T1774	0 234 584 117 41 1536 341 14 2438 407 58 38 35 2439 72 38 2440 9
T1775	0 117 41 1536 341 14 2438 2441 58 38 35 2439 72 38 2440 9
T1776	43 152 501 1236 1299 118 145 142 10 185 41 1 9
T1777	43 152 11 68 1299 118 145 142 10 185 41 1 9
T1778	10 87 38 298 2442 61 341 30 197 38 954 67 779 1926 9
T1385	10 11 38 2443 307 679 197 1204 1612 275 24 223 2444 299 9
T1384	10 24 223 802 1759 307 679 197 1204 9
T1576	10 11 38 2445 2446 9
T1577	10 11 38 2447 2446 9
T1574	42 2448 2449 63 212 33 2065 13 2450 9 260 98 37 0 9
T1575	10 24 223 299 28 2065 28 2450 277 2448 2449 242 9
T1572	10 11 38 2451 28 2452 72 14 2453 1618 9
T1387	1 41 363 118 119 14 2454 996 9
T1570	10 11 38 214 28 38 605 72 101 929 234 2455 2456 67 2457 2458 67 11 58 101 355 9
T1571	10 11 38 214 28 38 605 72 101 2459 1341 2460 2455 2456 78 212 14 2461 67 11 58 101 355 9
T1386	1 41 363 118 119 14 2454 996 1683 9
T1578	324 2462 1669 67 2463 1669 984 218 234 238 79 104 2464 2465 457 106 9
T1579	11 71 948 118 129 2466 511 67 1311 165 234 308 771 13 2462 457 1669 9
T14	0 42 41 63 14 65 2467 9
T15	10 185 41 1 118 63 14 1393 2467 9
T16	82 1 2 212 2468 31 28 2469 9
T17	82 1 2 212 93 52 95 31 28 93 67 95 9
T10	2470 17 41 133 14 2471 2412 2472 2068 67 2472 1681 1860 10 50 277 408 307 145 9
T11	41 191 14 2473 2471 104 2412 37 2068 67 2474 72 2471 106 10 50 132 408 307 145 9
T12	185 41 941 2475 9
T13	10 487 2476 229 67 1589 58 327 67 630 377 9
T18	2477 104 116 106 17 42 41 1934 43 2478 2479 2480 9
T19	0 1 41 1934 2477 2480 13 627 831 9
T1881	10 24 1864 1927 13 246 141 9
T293	11 275 14 65 758 13 396 1482 618 275 9
T490	0 1 2 119 14 658 2481 9
T295	72 0 99 316 1049 690 42 63 546 2409 907 1008 1002 277 1166 1793 119 179 1323 1575 690 9
T1828	50 654 751 1018 283 280 9
T1829	23 751 1018 280 613 9
T1820	41 133 2482 28 2196 2197 37 1202 1275 1508 145 37 10 2483 41 1 9
T1821	10 11 38 1712 28 833 2399 67 2484 1888 318 803 9
T1822	10 2485 1 690 2486 97 441 619 257 9
T1823	23 1 98 99 21 72 38 884 97 4 2487 327 19 193 9
T1824	10 11 38 626 2488 2 817 72 111 679 9
T1825	10 11 38 602 626 40 2 817 72 111 679 9
T1826	10 42 41 1 197 1668 2489 9
T1827	10 42 160 1 197 1668 2489 9
T294	72 0 99 316 42 160 546 1143 2490 61 2491 118 907 135 98 277 155 135 119 179 1323 167 2491 9
T297	0 724 234 1078 117 71 730 118 630 2492 14 1575 2493 2260 9
T1914	10 24 44 1159 28 1261 2494 9
T664	23 1 556 1465 571 2495 118 1650 9
T1916	10 24 223 511 304 233 745 13 661 2496 9
T1917	0 42 41 75 14 233 745 234 511 9
T1910	0 2497 42 41 525 72 2498 2499 234 14 953 2500 715 9
T1911	42 41 525 2497 72 2499 234 953 2500 401 953 2501 715 9
T1912	0 1 2 359 618 260 14 173 501 14 174 9
T665	11 71 2502 13 14 1292 67 1731 118 2495 164 9 11 71 1573 2009 260 111 2503 11 2495 537 111 1787 9
T1918	0 324 41 708 784 72 14 861 316 9
T666	0 724 2504 41 337 118 119 4 967 13 2319 2320 179 878 2505 9
T915	0 1 41 833 234 2312 9
T296	0 724 117 71 730 118 1040 2506 2507 13 2508 2493 9
T912	10 24 38 679 673 2 42 129 58 38 1190 2509 9
T913	0 1 2 1236 14 2313 360 2314 118 2315 2 98 2 2316 2317 9
T292	0 117 2 396 38 1482 2510 9
T1654	0 1 41 129 0 118 1361 9
T662	10 11 38 302 312 2511 67 2512 9
T911	10 24 38 679 673 277 963 1402 884 9
T291	50 2513 1621 1383 56 722 1716 782 19 2514 9
T290	50 2515 1621 1383 56 722 1716 782 19 2514 9
T1083	23 1 41 119 2516 78 449 1521 82 41 753 1097 67 2517 72 14 1059 1260 9
T1658	42 4 1251 1254 1367 543 2518 9
T1178	10 1 2 647 11 38 859 28 679 9
T1179	0 1 41 63 14 174 9
T1172	23 208 38 772 97 252 525 1677 72 38 2519 37 136 12 30 9
T1173	0 1 41 233 131 1938 129 2520 197 671 9
T1170	0 42 41 1236 1584 1465 9
T1171	23 208 1699 940 67 2053 851 1698 98 2521 72 38 2522 37 2523 67 2524 37 1010 82 391 131 1390 360 9
T1176	33 28 2525 37 10 11 38 1171 28 2526 531 9
T1177	10 11 38 406 28 679 9 10 425 859 234 584 9
T1174	0 42 2527 144 131 1938 129 2520 9
T1175	10 11 38 1171 13 2526 531 9
T1490	117 14 1005 72 38 1376 1377 63 2528 19 2529 13 97 14 2530 437 131 14 1378 9
T909	1206 2324 145 2531 142 0 1 41 2532 277 2324 9
T908	2533 2534 1573 2535 2536 14 46 1162 2537 2538 2536 58 38 2539 1393 1674 1012 2057 142 50 2534 97 14 2540 9
T679	101 11 38 39 245 246 9
T678	101 11 38 39 245 246 13 2541 9
T677	0 208 2 2542 549 9
T900	10 360 71 341 118 63 14 1318 9
T903	10 24 38 302 312 2543 67 2530 2544 72 38 581 9
T674	41 737 118 2545 14 534 536 13 4 841 74 234 43 2526 1016 142 0 1 2 534 14 2546 536 13 2526 537 538 33 14 2547 9
T673	185 14 407 2548 256 1621 437 67 647 260 1202 360 1400 307 2549 2550 618 131 14 173 277 1202 107 364 131 9
T672	23 50 2551 68 212 2552 2553 161 667 9
T907	10 11 1573 4 747 1093 72 38 2539 9
T906	10 11 38 579 580 13 966 9
T1219	10 117 63 1414 667 1574 160 2332 2307 38 258 28 1833 320 67 1559 71 118 1543 279 667 9
T1218	97 2 211 1372 864 114 2554 2555 78 111 2556 118 399 331 2540 72 454 9
T1217	2 97 1491 654 2555 33 1747 72 2557 454 72 2320 2558 457 142 532 99 1138 97 2559 358 2555 33 913 142 9
T1216	50 288 2560 144 131 1415 9
T1215	0 42 288 2560 144 109 14 1415 9
T1214	11 48 311 1227 559 1224 635 83 9
T1213	42 48 311 1227 211 984 218 9
T1212	10 355 117 2 219 2561 118 1584 9
T1211	10 24 223 355 277 2561 363 118 1584 179 1323 1636 72 679 9
T1210	10 24 38 302 312 97 2562 1662 72 38 2563 67 292 38 2563 9
T273	50 71 1627 555 353 11 2564 19 68 9
T272	50 71 1627 555 353 24 2565 19 2564 9
T271	228 24 38 756 21 9
T270	228 24 38 756 751 9
T277	260 41 2566 43 624 13 1575 35 33 133 119 409 67 983 2567 43 412 37 87 38 412 87 63 238 33 82 41 2568 97 9 19 41 2569 559 412 9
T276	0 41 119 412 234 409 624 9
T275	10 24 299 28 2570 2571 72 1618 9
T274	24 2572 67 2573 299 28 229 19 2570 2571 9
T279	10 360 679 197 2574 9
T278	10 11 38 2575 679 197 2574 9
T875	10 24 111 460 234 280 613 1289 118 1219 954 67 779 1855 1858 9 0 87 132 558 2097 9
T874	10 11 111 1936 2576 2577 2578 72 14 2579 309 9
T877	10 50 38 2580 2581 234 38 2582 2583 360 2584 406 9
T876	10 24 111 460 234 2006 28 954 67 779 1855 1858 72 274 9
T871	23 629 149 160 469 2585 234 223 79 9
T870	101 185 41 176 131 17 2586 1575 19 2361 540 9
T873	101 2579 355 97 68 1277 2576 2577 2578 9
T872	23 1 160 469 2585 9
T879	228 2587 38 2588 13 66 1103 9
T878	0 1 2 359 14 1625 2581 132 316 72 14 2589 9
T1369	0 1 41 1068 43 129 851 9
T1368	0 42 41 1068 43 851 9
T1363	23 1 149 160 2173 2590 118 140 58 274 118 45 9
T1362	0 724 11 38 2591 1082 2 42 984 82 2173 58 274 118 45 9
T1361	2592 1852 28 148 1120 38 1670 2593 1120 37 38 148 2594 63 2595 118 1078 142 0 99 1677 2596 2079 50 2592 1852 2597 9
T1360	10 24 223 1393 620 2227 13 14 2598 2599 9
T1367	10 11 14 316 118 639 14 1039 2379 2600 9
T1366	0 50 14 56 1154 2601 71 639 67 2379 2600 58 2602 9
T1365	43 1357 263 97 420 58 2603 118 2604 104 85 106 37 87 654 28 884 97 2605 2606 9 197 186 28 265 9
T1364	260 43 462 2607 11 2603 37 50 71 406 38 2606 501 1372 85 9
T479	10 511 50 14 1668 2608 363 118 2098 450 13 235 245 9 10 658 234 450 24 2609 13 14 1668 2217 9
T478	10 11 38 39 2610 13 2098 450 2611 78 14 2608 9
T471	23 1 160 1006 13 619 270 2011 67 307 10 619 170 307 884 9
T470	23 24 160 1400 307 619 270 2011 9
T473	0 1 41 2612 243 43 2613 2614 2615 9
T472	0 1 2 2612 243 14 907 77 1601 9
T475	10 360 38 39 316 118 2616 2617 9
T474	260 41 2616 2617 13 2618 645 37 0 99 780 87 41 212 9
T477	101 190 1264 11 38 39 13 1205 235 939 2619 9
T476	101 523 190 1264 11 39 13 1205 2041 72 2620 2619 9
T707	42 160 1 4 2621 72 274 197 1 1909 72 772 104 2622 72 2623 106 9
T706	10 49 50 2624 55 56 57 58 9 10 59 24 60 61 13 9
T705	10 49 50 2625 639 55 56 57 58 9 10 59 24 60 61 13 9
T704	10 24 38 25 736 658 211 2626 9
T703	0 1 41 1072 43 2627 58 167 325 327 118 1606 325 327 9
T702	0 1 41 447 1604 58 167 325 327 118 1606 325 327 616 2628 9
T701	1843 319 248 17 10 11 336 2629 120 13 1347 661 9
T700	1843 319 248 17 10 11 336 2629 120 13 2630 661 9
T709	10 49 50 2631 852 55 56 57 58 9 10 59 24 60 61 13 9
T708	41 191 14 1909 135 802 118 233 72 2632 2633 142 10 24 38 851 337 9 41 191 14 824 1654 1 43 1909 72 772
T497	0 42 41 39 952 2634 441 38 397 879 77 9
T347	10 2635 42 160 1540 312 703 28 704 2636 37 702 2636 37 2637 2636 37 1646 142 9
T495	38 2638 104 2499 573 106 17 0 541 42 38 2638 74 14 2639 9
T494	23 42 2638 74 98 541 9
T493	228 87 2640 2641 9
T492	228 11 2640 2641 9
T491	10 24 38 65 316 118 1217 67 2481 14 658 9
T610	41 515 72 2642 319 72 2643 142 42 41 515 72 114 619 319 72 274 72 43 358 35 9
T613	10 519 172 362 13 14 2298 72 2644 1845 9
T499	10 92 11 2232 1294 67 0 92 87 71 558 38 1165 21 9
T498	0 87 38 2645 28 2232 1294 1570 38 525 28 1165 21 9
T612	10 259 82 2 695 14 692 1432 131 693 9 10 11 38 636 260 1002 4 2646 259 9
T615	101 24 38 39 658 118 2098 2647 9
T614	10 519 24 835 131 14 2298 1737 72 2644 1845 9
T617	23 67 0 208 2 551 552 131 2648 9
T616	10 24 65 658 118 1338 515 2647 9
T127	23 1 41 323 119 1776 72 38 1085 9
T1789	10 11 302 312 2649 67 2650 9
T1788	10 24 38 302 312 2651 67 1062 9 10 24 38 593 9
T1785	228 24 38 39 2652 9
T1784	228 24 38 39 2652 72 2653 9
T1787	42 2654 2655 13 353 63 212 13 640 9
T1786	10 11 38 2656 2655 13 640 13 9 11 71 948 9
T1781	10 24 38 39 1045 454 118 528 9
T1780	10 24 38 39 1045 454 211 528 9
T1783	1 2 170 2657 619 21 11 2658 1842 197 63 888 78 143 1532 9
T1782	41 2657 21 602 201 67 33 14 1913 323 97 1372 888 9 10 1 41 1 68 118 2657 21 67 1031 902 38 304 2659 9
T1543	0 11 38 580 2660 270 212 72 14 1632 9
T1542	0 11 38 580 2661 270 212 72 14 1632 9
T1541	0 42 41 1013 72 1331 537 818 9
T1540	0 1 41 420 43 1331 818 9
T1547	0 116 75 787 9
T1546	0 1 2662 116 75 787 9
T1545	348 2663 17 0 42 41 75 14 2664 377 9
T1544	23 41 647 1416 82 41 133 845 223 348 377 136 619 1 68 75 145 647 341 132 9 24 275 114 771 72 531 348 377 118 1436 132 9
T1549	10 24 38 25 2665 355 9
T1548	10 24 38 25 1156 67 2665 355 2 969 681 9
T223	23 11 38 45 38 25 46 47 28 38 48 9
T29	10 24 38 1666 118 420 111 2607 58 14 135 2666 118 14 2667 318 72 38 884 9 0 1 60 391 118 38 2668 1666 72 2029 9
T28	10 24 38 1666 118 420 111 2607 58 14 135 2666 118 14 2667 318 72 38 884 37 0 1 60 391 118 38 2668 1666 72 791 9
T21	10 24 223 28 38 40 2669 42 500 307 38 2670 67 2671 28 193 67 71 2672 9
T20	2673 118 359 2674 28 2675 212 2676 2677 9
T23	0 42 41 701 654 43 294 1396 9
T22	0 1 41 970 67 359 43 294 1396 9
T25	0 42 2 75 418 797 118 129 9
T24	10 42 75 418 797 118 129 9
T27	10 107 111 626 2530 113 9
T26	10 107 111 626 2530 113 341 9
T1451	41 191 2678 35 36 43 383 11 361 625 1142 2679 67 43 784 11 2680 2681 10 185 41 1 118 708 784 9
T1450	10 42 41 1 82 43 364 888 145 9
T1453	23 11 1104 1105 1106 736 72 2682 9
T1452	41 133 2683 37 43 784 11 2684 2681 67 43 383 11 2685 2686 10 185 41 1 118 708 383 67 784 9
T1455	23 11 2263 734 2687 9
T1454	11 275 14 302 150 441 38 831 635 72 410 82 1405 118 658 14 1647 72 2263 734 58 38 884 9
T1457	0 724 50 71 730 118 658 14 65 478 2688 9
T1456	23 208 2689 2690 9
T1459	10 24 223 28 38 25 2691 2692 1491 78 2693 2694 101 42 68 63 399 72 2283 19 24 182 2331 118 399 131 835 2695 9
T1458	101 386 223 28 38 25 2691 472 2 97 232 131 2696 37 2697 19 2312 2698 9
T1592	1 2 1269 2699 52 780 82 2 97 2700 9
T1593	87 288 2701 780 14 79 75 145 1269 784 9
T1594	10 24 38 2702 2703 234 2704 2705 2706 78 38 2707 72 2708 9
T1595	10 24 38 2702 2703 234 2704 2705 2706 78 38 2707 72 2709 9
T1596	10 11 38 1159 28 140 2385 1166 1042 9
T1597	2710 852 50 149 2711 2712 9 13 527 2712 1275 119 167 19 179 2713 1029 916 2714 571 66 119 808 916 118 1545 9
T285	10 11 38 39 2244 13 14 411 2715 9
T946	0 1 41 1 38 1133 16 118 2258 2716 919 1927 82 41 170 41 97 2717 89 2718 104 2719 37 43 89 1356 179 1200 142 106 9
T1961	11 71 172 118 171 16 19 1162 72 165 9
T1960	11 71 418 172 118 171 16 72 165 9
T1963	23 1 160 119 827 2720 72 2440 136 2721 72 1720 9
T1962	23 133 41 1240 2722 131 223 21 136 68 619 9
T1965	0 1 41 821 1233 1331 1604 9
T1964	0 1 41 821 1233 1604 72 1331 9
T1967	1249 250 17 10 11 2513 360 327 320 9
T1966	0 11 38 2723 464 72 2513 9
T1969	11 275 114 316 118 123 14 327 234 2724 1971 2725 131 1240 14 2726 318 9 0 9
T1968	11 71 2727 13 2725 118 1383 4 2724 234 2726 318 9 10 24 38 302 542 509 9
T289	10 24 111 460 307 132 1745 1746 2728 307 1748 9
T8	101 167 2729 72 2389 2730 1920 37 2731 37 2732 67 2733 2734 2735 9
T9	101 2736 117 2295 72 2731 2389 9
T6	23 133 41 825 602 2737 9 0 42 41 2738 71 9
T7	359 38 2739 82 2740 511 2741 2742 2743 871 2744 2740 2745 2741 11 2746 78 2747 9
T4	0 42 41 206 38 994 28 43 831 2748 532 212 14 2749 9
T5	0 42 831 994 63 206 78 1934 616 2750 9
T2	10 11 38 1760 28 2751 104 2752 106 2753 9
T3	10 117 259 260 38 209 613 2754 38 2751 104 2752 106 2753 16 9
T0	10 11 38 1063 78 1063 2755 118 952 72 124 1864 72 274 9
T1	10 11 38 1063 78 1063 2755 118 952 72 124 1864 9
T1147	0 1 41 176 14 2756 628 121 72 2757 9
T1146	23 1 223 21 1056 277 679 1265 179 1204 9
T1145	10 50 93 38 559 40 420 38 559 60 1732 38 238 95 406 9
T1144	10 11 38 302 312 166 67 2495 82 71 417 118 2758 9
T1143	10 11 38 302 72 2758 312 2495 67 166 9
T1142	10 24 38 2759 812 2760 2761 464 72 274 9
T1141	10 24 38 2759 812 2760 2761 464 2762 9
T1140	82 185 41 176 186 13 38 1707 250 1669 9
T1149	42 43 947 131 2763 1575 2764 2765 848 2766 37 2767 585 2768 2769 2770 37 2771 2772 2773 2774 2775 2776 74 2234 360 2236 2777 67 1139 2778 9
T1148	0 1 41 176 2756 628 121 9
T398	10 24 38 387 28 2779 28 954 67 779 1855 1858 234 298 2442 2633 9
T399	10 87 63 38 1570 28 1854 28 2129 67 2130 1855 1858 234 38 298 2442 1864 9
T648	10 11 71 341 118 63 72 14 437 131 143 2 2009 131 9
T649	0 1 41 521 260 143 1368 43 1529 9
T390	10 11 38 233 28 4 1749 55 341 9
T391	10 11 71 341 118 233 131 4 1749 55 9
T392	101 2623 363 50 806 270 2780 9
T393	23 1 21 806 40 9
T394	10 24 223 2594 1584 1696 870 264 2 22 9
T395	24 275 114 2594 1584 1696 870 9
T396	0 42 41 158 559 2122 72 477 9
T397	0 42 41 158 2122 72 477 9
T1208	101 2710 2781 501 2782 1150 1897 9
T1209	11 275 14 302 72 815 312 2783 67 2032 1662 9 260 98 37 23 9
T1200	10 11 638 639 9
T1201	10 360 38 2145 2784 2146 2 969 211 2187 9
T1202	10 24 38 2145 2146 1925 1760 2 211 2187 9
T1203	0 1 41 359 38 2785 633 9
T1204	10 11 14 2785 633 9
T1205	23 50 2786 1159 14 2787 71 2788 72 2789 9
T1206	23 50 165 684 118 1120 98 2789 82 2 24 72 14 64 1025 9
T1207	228 11 38 25 2790 2791 2710 2781 9
T248	10 11 38 579 118 1938 129 9
T249	0 1 41 2792 14 2793 2794 544 1638 9
T246	10 11 38 2795 2796 72 38 49 9
T247	10 11 38 2795 2796 28 654 165 9
T244	10 1371 902 38 631 2797 1786 9
T245	10 1371 42 902 38 2795 2797 1786 9
T242	10 11 38 302 312 14 2798 203 67 14 2799 203 9
T243	260 1166 203 28 38 45 1388 311 2107 155 619 37 101 117 281 9
T240	23 43 454 107 1220 33 363 2800 9
T241	0 42 41 528 14 454 537 119 1220 33 363 118 1068 9
T800	260 2 919 307 223 1394 28 2801 37 87 275 63 2802 72 298 679 9
T801	1 2803 1493 792 1929 2804 234 14 2804 551 9
T802	1 2803 860 1929 2804 109 2804 551 9
T803	0 42 41 119 2174 72 1109 9
T804	10 24 38 337 13 2805 1064 1109 9
T805	50 14 2806 2807 82 71 360 1802 14 2808 9
T806	0 50 14 2806 2809 72 38 2808 9
T807	10 24 355 131 2810 2811 9
T808	24 275 114 65 2810 355 9
T809	10 24 38 2415 277 14 407 501 647 13 2 19 501 14 865 234 2 37 136 50 149 175 118 870 71 37 98 1202 2418 71 9
T1374	10 117 63 387 28 954 67 779 381 1858 2006 9
T1375	23 2812 2813 2006 36 954 67 779 381 1858 37 136 637 56 954 67 2814 381 1858 9
T1376	10 24 223 28 38 39 1692 9
T1377	10 11 14 65 1692 9
T1370	11 71 172 118 212 2815 312 2816 67 2401 2402 9
T1371	10 24 38 212 28 2401 2402 67 2767 2817 9
T1372	101 24 38 39 355 28 457 9
T1373	10 11 111 39 457 355 9
T1378	23 135 74 2079 58 2031 9
T1379	23 1 21 74 2079 58 2031 9
T1684	10 24 111 1396 234 132 929 9
T1685	10 42 41 1396 118 43 152 360 929 9
T1686	82 24 38 1479 25 2818 109 2819 9
T1687	109 2819 10 185 41 1 13 2703 28 2820 1479 9
T1680	228 11 38 25 46 573 72 231 2151 58 2821 9
T1681	228 117 281 38 2822 58 231 19 2823 2824 9
T732	260 2825 2826 11 68 2827 360 2828 37 23 50 1284 2829 1018 1300 98 724 9
T733	10 1 2 170 307 38 2830 2831 9
T730	228 11 559 2832 17 253 254 19 2833 2834 9
T731	23 1 60 214 2828 2826 9
T736	1 173 341 1687 407 131 137 2835 9
T737	97 2 525 72 14 2836 2787 9
T734	10 24 111 1759 307 2830 2831 9
T735	1 2837 173 341 1687 407 9
T738	117 2 525 72 14 2836 2787 9
T739	10 11 14 2838 1293 82 1667 11 2839 35 36 37 2840 36 37 2841 35 36 37 67 2842 35 36 9
T1688	0 1 2 399 38 2843 2844 2845 2846 9
T1689	10 360 38 1023 316 118 399 38 2843 2844 2845 9
T1587	10 24 38 39 1716 118 952 13 73 435 740 30 9
T1798	10 24 38 39 2847 78 38 2848 104 963 106 9
T1799	228 107 38 39 1878 72 38 2849 963 309 9
T1796	399 277 2850 28 46 1797 104 2850 28 2851 106 2852 9
T1797	1 2 119 1641 82 2 1 146 2853 234 38 2854 19 11 71 905 13 2855 9
T1794	82 87 1332 2856 104 1332 53 1276 2857 2525 106 119 325 2858 104 2859 106 875 9
T1795	0 73 87 41 119 2860 875 234 1332 2856 9
T1792	23 11 2001 1666 736 9
T1793	23 11 2861 1666 98 736 9
T1790	501 2862 2863 1372 1718 190 9
T1791	97 2864 1372 1718 190 9
T1558	101 627 523 246 661 117 800 145 118 140 58 2427 118 2122 72 2373 1491 331 242 248 28 515 9
T1559	1658 145 223 627 523 248 277 242 1147 9
T1554	87 14 2865 822 2866 43 229 260 41 133 2867 14 2868 9
T1555	10 11 38 25 822 2869 2870 13 229 234 38 1864 1414 104 2871 142 2872 19 2865 106 9
T1556	10 11 38 39 2065 13 14 2873 2874 9
T1557	10 11 38 2065 13 67 2107 38 362 28 38 2873 2874 9
T1550	13 10 212 1790 1 2 170 1874 129 67 2875 1242 2876 67 2877 745 233 12 72 2290 9
T1551	72 1874 2878 129 37 0 160 875 38 784 72 2875 1242 9
T1552	101 167 118 129 37 2432 19 506 2190 9
T1553	101 185 41 129 626 17 2432 19 506 2190 9
T38	101 11 38 39 279 1864 241 72 2879 9
T39	101 11 38 39 279 1864 241 72 2880 9
T36	23 24 98 99 449 2379 928 454 277 24 2881 452 234 844 9
T37	23 1 21 528 449 454 101 42 63 452 2378 78 844 9
T34	23 1 173 175 118 63 364 131 38 407 60 2882 9
T35	0 1 407 647 197 2882 14 173 9
T32	10 50 2883 406 9
T33	10 50 2883 406 9
T30	10 117 14 254 1283 406 13 1621 1678 1909 135 234 4 2884 2666 9
T31	0 87 14 254 1283 558 38 135 2260 72 884 19 1086 118 515 72 884 9
T110	0 2215 11 71 119 1064 2885 9
T338	0 1 2 75 679 510 2 67 1236 679 58 2886 2 825 67 554 9
T339	23 24 554 2886 21 72 43 679 9 225 527 174 37 364 37 67 2887 2888 97 1372 2886 142 1 41 1460 754 9
T111	1 2 514 13 245 341 2885 82 2 1605 14 1681 2889 9
T334	101 11 1747 401 61 1162 118 705 131 2 270 19 61 1162 118 705 131 2 270 9
T335	101 11 1747 17 93 705 131 95 19 93 705 118 95 9
T1972	679 42 63 64 142 10 118 1 9
T1973	43 679 11 64 142 10 42 41 1 9
T1970	0 1 41 2890 2891 1110 2892 1110 2893 72 4 2894 2895 2896 9
T1971	10 11 2894 67 2895 745 9
T1976	10 117 63 14 1782 316 118 2897 2898 9
T1977	10 42 63 38 25 2899 316 118 2897 2898 9
T1974	416 42 41 941 2900 72 791 9
T1975	416 42 41 941 2900 72 38 1756 9
T1978	41 2901 2902 43 812 2903 296 2904 37 87 41 63 2502 9
T1979	11 2905 2502 812 2903 9
T686	10 24 38 2618 25 2265 1920 2906 1154 9
T687	10 11 71 341 118 522 14 2907 19 14 1920 2906 9
T684	23 1 223 1568 407 1405 118 61 2908 9 1 149 38 173 359 71 719 9
T1150	50 638 2673 501 1171 197 361 118 1143 35 58 30 9
T1151	1 2 97 114 2909 1070 9
T1152	1 2 97 2909 46 9
T1153	0 1 41 329 165 13 515 9
T1154	0 1 2 329 165 312 233 67 515 9
T1155	10 11 38 2790 2103 179 2910 9
T1156	11 71 172 118 674 2911 1063 540 197 2423 35 28 2912 9
T1157	10 11 111 984 234 2913 2914 33 38 56 2219 2915 9
T1158	11 2913 2914 11 740 410 13 2219 2915 9
T934	10 24 223 65 1950 241 13 14 2217 1246 1950 248 9
T935	1 56 1968 1955 1956 1930 2916 9
T680	389 1957 2031 9
T937	43 56 2917 167 2182 629 149 2748 118 831 109 2033 142 114 636 9
T831	10 11 38 2120 1847 72 1847 1848 9
T526	10 1 2 1 260 2 1574 14 252 919 9
T833	0 42 41 2918 21 118 1236 2919 2107 38 2920 2921 9
T389	0 1 41 984 14 2251 234 43 2139 1663 9 10 24 223 2922 9
T388	0 1 2 984 14 2251 234 14 2923 193 9
T383	0 1 41 1236 63 441 2924 13 14 410 1298 41 526 9
T382	0 42 41 1236 63 98 2924 9
T381	101 121 11 12 118 176 72 2925 9
T380	101 121 11 65 176 552 72 2925 9
T387	10 248 2594 63 2559 2926 131 629 248 9
T386	10 11 38 39 2927 28 248 41 42 984 552 2926 131 629 118 2928 43 177 9
T385	228 11 38 2929 28 2930 2931 9
T384	228 107 38 1731 28 2930 2931 9
T1773	97 2 211 1372 699 9 0 208 2 1089 131 71 9
T837	0 42 41 176 2657 114 167 9
T836	23 185 1925 185 149 41 1584 1465 9
T259	0 1 41 1241 2932 58 274 9
T258	0 1 41 1241 2933 72 274 9
T251	23 50 445 1250 2934 2935 9
T250	23 50 445 1368 2936 179 38 2937 2107 38 2938 104 2939 106 1185 37 2934 2935 9
T253	10 11 38 406 28 38 1171 9
T252	10 11 38 406 28 1171 1972 9
T255	0 42 2940 506 543 14 2941 9
T254	42 2942 1189 28 2940 506 543 145 118 97 14 2941 9
T257	82 87 160 119 38 1293 1633 197 160 119 38 1633 28 2943 72 2944 274 2945 55 9
T256	10 11 71 341 118 233 72 2944 274 2945 9 10 87 63 38 758 2946 197 167 19 1029 35 9
T1779	0 87 2947 381 142 954 67 381 142 779 1858 558 38 298 2442 121 72 274 9
T813	23 11 2948 2582 179 2949 72 93 14 2950 1200 360 919 95 9
T812	10 368 28 2951 42 63 212 118 2952 2953 2681 1127 9
T811	1554 118 38 1678 2954 28 1017 37 0 99 1017 362 72 2955 9
T810	38 407 41 191 522 2332 1529 145 67 41 647 341 1202 50 149 1006 307 145 136 82 41 701 1300 1202 870 145 1202 341 145 67 175 145 142 23 1 41 647 132 316 9
T817	0 724 50 111 2956 420 441 165 9 260 41 386 118 2957 1403 2958 35 58 30 37 87 38 2957 97 38 238 412 2959 9
T816	97 2 211 2960 111 2961 9
T815	1 2 2960 111 2961 9
T814	23 50 2948 2516 2949 72 93 14 2950 1200 360 919 95 9
T819	11 71 740 118 500 14 173 38 2 97 647 13 866 9
T818	0 724 42 14 410 360 2956 420 58 1328 118 1204 72 14 679 2962 28 2963 2958 35 9
T1301	10 11 38 1718 1021 2066 221 2964 9
T1300	24 275 114 1718 1021 2066 704 2964 9
T1303	11 2965 800 72 2966 9
T1302	11 104 556 106 2965 337 72 2966 9
T1305	416 42 41 119 2967 1692 2968 250 72 115 9
T1304	416 42 41 119 2969 603 815 1692 13 114 1692 2968 250 72 115 9
T1307	0 1 2 447 14 364 2970 234 565 9
T1306	0 42 41 359 618 1298 41 2971 14 364 2970 118 234 565 9
T1309	0 42 143 918 331 2972 9
T1308	0 42 41 918 234 43 2972 9
T655	10 11 2973 9
T654	10 11 2973 13 2 9
T657	0 42 41 1068 43 1999 9
T656	0 42 167 206 1999 9
T651	10 24 38 25 802 54 2 97 2228 72 114 47 9
T650	260 41 1492 28 43 2379 1325 985 42 41 1529 143 277 1368 145 9
T653	10 11 341 118 63 14 153 2974 72 2975 9
T652	10 11 71 341 118 63 14 153 2974 9
T659	0 42 2 410 14 2976 2977 9 41 170 41 905 2971 14 2978 4 2977 234 2976 37 136 208 68 119 14 916 118 410 71 2979
T658	0 1 41 701 93 2971 2977 95 234 2976 260 41 1 149 97 114 559 2980 2977 9
T1573	10 11 38 2451 28 2981 72 2453 1618 9
T729	228 11 559 1282 72 14 336 1708 1282 17 253 254 19 2833 2834 9
T728	0 42 41 1217 118 283 280 9
T725	0 42 41 158 14 65 2982 9
T724	0 1 41 1523 14 2192 1016 118 14 844 845 820 9
T727	0 42 41 1217 14 1633 118 2195 283 280 9
T726	10 185 41 1 118 63 14 65 2982 9
T721	0 1 41 359 38 2983 28 38 2984 2451 2740 511 2741 2985 104 2986 106 2987 2743 540 2744 2743 1575 2744 2988 2743 1227 2744 2989 2740 2745 2741 9
T720	10 1 1380 1293 791 9
T723	0 1 41 2990 43 1016 234 43 844 845 820 9
T722	0 117 2 359 38 2983 28 38 2451 13 2740 511 2741 2991 2743 2992 401 2993 2744 2743 2994 2744 2740 2745 2741 9
T1670	23 1 2 526 866 9
T1419	10 1034 1446 1 1447 97 9
T1418	41 133 515 2995 235 939 142 41 133 72 2996 2997 67 629 149 1120 38 2998 245 248 142 2999 3000 787 9
T1415	10 11 3001 72 3002 9
T1414	10 543 1204 78 2550 9
T1417	11 2889 3003 179 704 3004 3005 1402 113 9
T1416	0 50 1238 3001 391 118 2783 3006 9
T1411	10 11 38 39 1482 13 1770 3007 309 72 1768 1911 9
T1410	23 1 160 1018 425 863 9
T1413	10 24 223 28 38 25 3008 543 28 1204 9
T1412	10 360 14 65 1768 1482 118 1770 377 58 9
T1676	0 42 167 1068 14 1888 1221 78 2074 2540 9
T1529	82 2062 990 3009 867 3010 2986 1049 104 3011 1830 72 2679 106 2986 3012 37 50 436 118 2119 1627 9
T1528	0 501 38 3013 3014 3015 420 616 165 9
T1521	23 208 3016 334 1390 9
T1520	50 114 167 97 3017 28 452 28 3018 67 3019 3020 67 3021 9
T1523	10 11 2740 511 2741 3022 2743 3023 2744 3024 2743 2986 3025 3026 2744 3027 2743 540 2744 2743 2986 2744 3028 2743 3029 2744 2743 3030 2744 2740 2745 2741 9
T1522	10 11 2740 511 2741 2986 2740 2745 2741 260 2740 511 2741 3031 104 3032 2743 540 2744 2743 2986 2744 3033 106 3034 2740 2745 2741 9
T1525	0 185 41 1236 170 307 143 9
T1524	3035 71 307 3036 71 14 602 1197 647 142 1405 1466 118 1730 866 136 157 360 3037 3038 142 185 41 1236 1299 118 866 1085 33 14 364 9
T1527	10 11 1524 1232 654 307 9
T1526	10 24 1524 1232 9 0 1 60 233 9
T1635	11 3039 955 72 274 9
T1634	11 613 3040 955 72 274 9
T1637	10 50 93 41 3041 2 95 406 9
T1636	10 360 38 406 28 93 41 232 3042 984 14 3043 2979 93 9
T1631	10 24 223 28 111 1150 410 3044 72 38 1966 2787 1760 67 113 9
T1630	10 24 223 28 111 1150 410 2068 72 38 1276 2787 1760 67 113 9
T1633	10 11 38 39 316 118 783 3045 72 274 9
T1632	10 42 63 266 118 783 38 3045 28 274 9
T1639	101 11 38 39 218 118 2781 56 35 2525 72 2925 9
T1638	10 11 38 39 218 118 2781 56 35 2041 72 2925 9
T1582	101 167 11 65 17 3046 37 1784 37 19 1788 166 9
T1899	0 1 2 158 3047 9
T1898	0 1 41 158 4 1460 173 9
T1891	10 24 38 39 141 72 38 48 118 515 1296 9
T1890	10 360 38 39 141 72 38 48 9
T1893	23 11 1104 1105 1106 736 72 3048 9
T1892	23 11 1104 1105 1106 736 72 3049 9
T1895	23 50 2983 3050 104 2427 2979 106 926 167 104 540 106 9
T1894	10 11 258 28 2427 9
T1897	10 24 38 39 402 165 519 160 42 1 72 1148 9
T1896	101 24 38 39 2275 519 118 1 72 1148 9
T1949	0 1 38 2213 28 38 429 37 38 3051 37 67 619 304 2188 302 58 155 619 37 67 304 118 155 619 37 30 67 72 38 2887 9
T1948	0 208 3052 67 3053 304 118 155 619 9
T1947	10 24 38 577 736 67 1214 28 1215 37 67 0 50 1215 360 852 391 118 3054 360 9
T596	10 523 578 42 41 928 2012 13 2013 787 915 9
T1945	10 24 223 1404 234 75 71 616 38 519 1045 1670 179 179 52 2183 9
T1944	10 24 223 1404 234 75 71 616 38 519 1045 1670 179 2182 52 2183 1135 9
T1943	0 1 41 420 38 240 530 320 13 38 3055 1135 820 9
T1942	0 42 41 420 43 3056 820 360 530 320 9
T1941	416 42 41 359 14 65 1041 9
T849	10 11 38 39 2210 658 3057 245 9
T1091	0 42 41 1934 143 2186 820 9
T1090	10 185 63 266 3058 118 514 13 3059 3060 58 14 613 241 260 41 97 3061 3062 3063 457 2626 190 9
T1093	10 11 71 341 118 515 511 179 3064 9
T1092	0 42 41 1934 1606 2186 820 9
T1095	10 11 38 39 673 72 679 9
T1094	324 3065 941 3064 9
T1097	10 24 223 802 530 841 9
T1096	10 11 38 25 736 673 2 97 129 58 679 9
T1099	0 87 254 360 1283 558 209 135 228 24 1086 118 1 14 3066 72 38 884 9
T1098	10 24 38 39 530 841 13 55 9
T598	10 360 24 38 406 28 679 9
T847	0 50 71 647 118 63 14 1893 28 14 3067 1465 571 9
T1159	23 1 2 175 118 63 118 1283 9
T116	41 107 3068 1013 985 819 142 41 629 149 817 43 819 818 67 905 2307 38 1252 1330 11 137 3069 3070 142 10 42 41 1 9
T117	41 629 149 817 43 819 818 19 43 1252 1330 142 0 42 41 821 43 3071 9
T114	10 24 223 65 3072 605 118 3073 118 9
T115	10 24 223 28 38 39 3072 605 9
T112	228 11 3074 364 9
T113	11 43 174 3075 307 256 426 647 13 256 364 67 11 1202 1506 1460 118 866 9
T282	10 24 65 1154 13 3076 9
T283	0 1 41 359 14 65 3076 9
T280	10 11 425 3077 2107 313 9
T281	10 11 38 3077 28 313 72 38 2924 28 3078 28 862 3079 78 1973 3080 9 50 71 1250 3081 19 11 71 2107 3081 9
T538	260 41 133 72 490 37 10 740 117 41 97 9
T539	0 42 41 119 627 1868 72 1869 28 1870 9
T284	101 167 11 12 3082 693 19 3083 3084 692 9
T829	23 11 3085 3086 68 234 449 9
T534	0 724 165 50 71 984 118 129 325 841 531 58 1734 9
T535	0 1 41 526 43 1255 33 14 407 9
T536	0 42 41 75 43 1118 1255 559 375 37 260 41 133 14 3087 209 407 9
T537	10 24 38 740 28 14 490 9
T530	10 1108 1220 185 41 1221 118 119 2409 846 2680 72 3088 9
T531	72 4 1174 1647 37 82 1029 3089 28 926 113 3090 234 14 3091 735 37 0 11 38 3092 1094 9
T532	1654 17 0 1 3089 902 618 234 3093 559 635 879 2493 73 9 1 60 3094 109 38 1174 9
T533	0 99 77 50 71 984 118 708 3095 72 531 325 841 58 1734 9
T1312	0 1 41 119 985 449 9
T1313	0 1 119 618 28 449 9
T1310	10 24 2038 9
T1311	10 11 2038 575 9
T1316	10 24 38 39 835 3096 3097 9
T1317	10 24 223 28 38 39 3096 667 3097 9
T1314	0 73 42 3098 67 1009 3099 1317 3100 9
T1315	0 73 50 3101 1317 260 1058 3100 9 0 42 71 63 3102 3069 9
T1318	0 50 71 647 118 63 14 3103 1071 72 274 9
T1319	0 50 71 647 118 63 3104 72 274 9
T1580	10 1772 1773 24 72 38 3105 9
T620	50 535 687 1250 685 1321 9
T621	10 24 223 3106 1725 72 45 9
T622	10 24 223 3106 1725 2 97 13 111 2031 9
T623	10 11 38 39 452 118 10 2 208 72 1029 35 2912 72 14 519 1045 9
T624	10 11 38 39 3107 118 1805 14 2912 104 28 167 19 1029 35 106 72 111 519 177 13 14 519 1045 9
T625	10 24 38 39 605 13 15 3108 9
T626	10 24 223 605 13 14 3109 3110 3111 3108 9
T627	42 700 3112 43 1328 265 9
T628	10 42 2 500 145 1000 132 1328 265 9
T629	82 107 38 1328 28 38 3113 2451 9
T758	10 11 38 3114 3115 28 3116 72 3117 67 3118 9
T759	23 24 43 842 1031 843 145 9
T750	101 24 38 39 49 72 1390 13 119 14 1737 72 1167 940 9
T751	0 1 41 3119 43 3120 28 1799 9
T752	0 42 41 3119 43 3120 28 1799 9
T753	101 1432 501 65 1958 815 72 274 9
T754	11 3121 14 65 2671 1432 9
T755	23 50 3122 167 360 2964 3123 14 3124 19 3125 9
T756	10 24 38 543 67 25 387 316 118 642 19 3126 3124 3125 9
T757	101 167 11 12 2409 3116 3117 67 3116 3118 9
T1408	23 1 149 41 647 341 1299 118 700 9
T1409	23 1 3127 1018 863 9
T1406	24 275 114 65 627 523 2470 9
T1407	23 160 1 149 647 3128 1226 2561 9
T1404	10 117 63 38 39 165 118 97 166 9
T1405	0 42 41 2318 14 65 627 523 2470 9
T1402	10 11 38 302 312 71 67 235 939 940 9
T1403	10 24 38 302 312 235 939 67 235 940 9
T1400	10 24 223 28 38 25 3129 454 528 234 449 9
T1401	10 11 38 25 3129 454 234 449 9
T422	0 1662 233 33 4 3130 118 845 732 733 295 234 530 327 9 23 530 116 50 149 1050 38 238 3131 3130 234 327 118 63 513 118 845 732 537 38 1662 9
T423	23 1 149 327 97 14 3132 732 3130 9
T1538	10 11 38 577 302 312 678 67 3133 142 9
T1539	10 11 38 302 312 678 37 3134 37 67 3133 9
T1532	101 49 72 38 884 1383 559 329 1514 72 38 329 1844 464 1073 9
T1533	101 49 72 38 884 1383 14 559 721 1514 72 38 329 1844 464 1073 9
T1530	101 3135 1946 3136 11 38 39 9
T1531	0 1 2 140 307 3119 4 3135 1946 3136 9
T1536	10 11 14 93 2451 95 72 38 3137 28 2451 245 9
T1537	10 11 2451 245 9
T1534	43 511 97 158 3138 3139 67 41 133 72 661 3140 142 0 42 41 1068 43 511 98 277 41 42 3061 43 3141 1669 397 35 9
T1535	41 175 118 1 14 3142 142 41 1240 232 3143 1852 72 661 1049 104 2208 511 106 142 41 133 984 540 35 1161 13 38 3144 1669 28 3145 37 3146 37 1646 142 185 41 385 674 4 1068 397 35 9
T421	260 1019 1020 42 137 3069 3147 33 38 3148 3149 0 117 866 3150 63 3151 9
T1626	0 99 580 24 860 363 118 129 13 38 3152 67 10 11 38 1747 2673 118 186 13 38 3152 3153 9 9
T1627	0 42 41 119 39 1221 72 3152 9
T1624	10 24 38 2031 3154 13 3155 19 1784 3156 9
T1625	0 1 41 3126 1784 3156 3157 131 2031 3154 9
T1622	0 1 41 75 14 173 228 11 14 3158 334 675 72 43 319 118 469 72 526 131 145 9
T1623	10 1 2 97 118 1 118 158 4 3159 1754 9
T1620	11 275 14 93 3160 2657 95 3161 13 1998 1283 37 67 0 11 71 3162 9
T1621	228 87 63 38 56 1998 1283 9 23
T1628	11 38 3163 3164 9
T1629	23 11 38 3163 3164 9
T426	10 24 38 2485 28 269 14 116 72 3165 9
T1504	10 11 38 3166 316 118 3147 353 9
T427	10 24 38 1159 28 269 14 116 72 3165 9
T1888	11 71 426 277 38 730 28 525 72 3167 67 38 828 507 11 98 603 277 56 57 75 3168 97 14 1466 165 359 3169 2787 9
T1889	50 3170 783 38 730 28 525 72 3171 507 341 3172 3173 9
T1882	0 724 1 3174 1082 3175 2025 9
T1883	0 724 50 4 3174 1082 3175 2025 72 445 9
T1880	10 24 223 56 1864 1927 13 246 141 9
T1508	0 1466 107 71 13 3176 3177 118 2668 118 38 772 9
T1886	10 11 3178 72 14 3179 9
T1887	10 11 38 1021 2066 38 3178 28 14 3179 9
T1884	10 24 38 797 316 118 2025 787 523 9
T1885	0 42 41 2025 787 234 831 9
T1958	10 11 111 396 28 526 72 3180 104 3181 355 106 9
T1959	10 11 111 396 28 526 234 38 3182 104 3181 355 106 9
T1950	10 24 223 65 355 118 1584 9
T1951	10 24 38 39 355 118 1584 9
T1952	0 1 41 1050 3183 537 538 234 2526 3184 9
T1953	42 2 1770 3183 234 111 1016 537 538 71 9
T1954	10 42 41 1 118 119 14 519 179 3185 9
T1955	0 1 41 119 519 72 844 19 3185 9
T1956	23 11 3186 3187 270 3188 33 3189 9
T1957	3186 3187 104 3190 658 106 17 10 11 407 3191 360 3192 9
T1082	11 71 740 782 58 63 325 531 118 158 3193 197 1227 35 72 217 531 763 9
T1125	0 42 41 2025 787 58 294 9
T1080	0 3194 233 13 327 68 97 950 949 9
T1081	10 11 3195 940 9
T1086	0 107 111 113 28 2716 919 9
T1087	10 50 71 647 341 118 63 1039 9
T1084	0 1 41 3196 72 235 3197 52 245 537 2999 3198 35 72 2620 1737 72 209 940 319 9
T1085	10 42 2 1 72 2716 919 9
T1088	10 50 71 647 341 118 63 1460 67 3199 78 99 9
T1089	11 71 172 118 1 629 197 3140 939 9
T1127	10 24 38 302 312 1503 67 1881 9
T1126	0 1 41 75 787 616 294 9
T1121	23 11 449 1500 695 131 454 307 844 37 1622 37 67 445 9
T1120	10 24 38 39 218 118 221 72 710 13 319 135 9
T1123	0 117 2 1463 38 48 9
T1122	23 24 275 98 99 454 307 1622 454 234 449 9
T839	10 360 111 2021 269 9
T838	0 42 167 129 118 2657 1683 9
T299	42 41 984 2654 3200 197 540 79 28 640 641 9
T298	11 1142 79 182 183 13 2654 2655 197 14 172 3201 3202 9
T529	0 99 1220 185 41 1221 13 3088 455 3203 9
T528	1 88 233 13 1012 9
T527	0 1 2 68 119 252 919 9
T830	228 11 3085 3086 9
T525	10 11 111 966 56 35 360 456 13 2041 9
T524	10 24 111 56 35 360 456 13 2041 9
T523	416 1 41 2481 43 3204 9
T522	0 1 41 215 14 2973 118 2481 43 3204 9
T521	10 24 38 1664 67 1665 28 38 1165 585 1677 2080 9
T520	10 92 11 38 93 1165 585 3205 95 67 10 24 38 1664 67 1665 9
T1329	11 3206 3207 3208 1086 234 2481 114 559 658 9 260 98 37 10 11 157 233 234 9
T1328	23 501 149 3206 3207 3209 502 14 3210 19 14 2027 3211 9
T1327	107 38 884 1282 3212 9
T1326	11 38 884 1282 3212 9
T1325	10 75 14 3213 3214 28 2374 9
T1324	10 75 14 1393 3214 28 2374 1393 9
T1323	10 259 260 14 3215 1127 72 38 2260 79 9
T1322	10 259 260 3215 11 1127 72 38 2260 79 9
T1321	0 736 11 38 2213 28 3216 179 2312 9
T1320	42 160 688 2213 179 2312 9
T1915	10 24 38 1159 28 288 1455 9
T633	10 1 47 1 118 987 311 9
T632	21 408 93 1 149 1405 118 965 619 142 95 50 63 1975 118 619 406 965 754 9
T631	10 50 132 408 406 867 93 1 149 2657 896 2 701 1085 2731 61 341 1920 95 9
T630	228 386 38 3217 28 3218 9
T637	23 185 41 129 638 639 9
T636	0 42 41 158 14 1024 104 72 3219 106 9
T635	0 42 41 158 14 1024 9
T634	0 185 47 987 311 9
T639	10 360 38 39 3220 3221 464 9 1211 277 800 145 118 870 43 835 52 1249 42 2970 270 118 2279 145 142 82 41 2484 270 331 2970 37 38 2100 3222 1064 425 2103 52 3223 24 3224 142
T638	0 42 41 129 307 638 639 9
T420	260 1019 1020 324 68 1127 866 1708 2304 0 117 38 3148 2341 215 14 56 483 9
T749	10 11 38 39 49 72 1390 13 4 3225 9
T748	41 191 14 173 67 41 191 72 526 43 39 364 104 228 11 385 14 173 106 37 10 185 41 1 9
T743	10 185 143 1 118 3226 3227 9
T742	0 724 67 131 10 185 41 3228 43 1227 77 36 3229 9
T741	42 2 3230 3231 179 2423 77 36 9
T740	41 133 4 2300 35 36 561 67 41 526 14 173 228 360 810 35 36 142 160 2169 525 1347 1348 142 11 132 14 165 118 2706 118 866 9
T747	3232 72 526 131 43 1116 39 364 228 11 385 14 407 67 501 14 152 37 67 41 175 118 500 1300 142 0 1 41 1218 234 9
T746	11 252 2807 14 2415 28 14 1588 3233 9
T745	0 1 160 1436 3234 72 3235 9
T744	10 185 41 1 118 1436 1776 67 3227 9
T424	10 24 38 39 177 3236 667 13 3224 940 2151 58 3224 1816 9
T425	3237 19 3238 3239 2953 13 3240 9
T1439	0 87 41 2627 14 65 1041 9
T1438	23 50 449 1220 43 454 33 363 3241 264 41 97 165 118 674 71 3242 9 2394 2272 3243
T1433	23 24 59 209 1696 295 3244 72 3245 9
T1432	10 11 38 39 1174 464 13 947 9
T1431	10 11 38 39 1174 464 13 38 947 72 1038 9
T1430	10 50 71 984 118 158 4 428 430 9
T1437	0 50 449 201 1220 454 33 363 1068 9
T1436	10 24 223 3246 58 38 3247 180 9
T1435	3248 3249 17 425 860 1888 318 464 52 1135 2332 362 264 142 0 117 2 2645 14 279 2096 234 38 831 1414 9
T1434	0 99 1696 295 24 275 72 38 48 9
T1460	10 11 25 736 72 679 401 787 19 258 9
T1461	10 11 559 736 787 19 1539 9
T1462	228 24 38 39 1041 72 274 9
T1507	0 1 41 2062 14 2997 3250 58 3251 72 3252 9
T1506	0 42 41 2062 3253 2493 58 30 9
T1505	0 42 167 3147 353 9
T1463	228 11 39 209 1041 9
T1503	0 185 2 176 129 245 9
T1502	101 11 38 39 245 246 118 129 72 2041 9
T1501	10 1 2 170 82 2 3254 38 580 37 93 2029 95 9
T1500	10 1 170 28 82 2 3254 38 580 1282 9
T1464	185 38 209 770 464 63 420 9
T1758	0 99 2047 24 275 72 3255 2049 245 246 72 38 2050 2051 9
T1509	23 50 3176 3177 215 118 3003 72 439 31 28 38 884 9
T1465	1 160 363 118 420 38 770 464 28 274 9 260 781 983 23 9
T1466	10 24 38 808 212 28 3256 3014 9
T417	260 3257 3258 502 1687 78 212 2959 3259 67 1240 3260 131 1687 3259 37 23 1 2629 1786 559 13 2959 349 9
T1467	10 11 38 1677 3261 28 14 3014 13 1958 9
T1616	87 2833 2834 1250 3262 13 253 254 9
T416	1 3263 3258 212 2959 3259 82 349 1687 67 893 3264 9 260 98 37 23 9
T1613	11 3265 1759 14 3266 248 118 97 13 1938 129 9
T1612	11 3265 1759 3267 33 14 3268 13 1938 129 9
T1611	10 11 38 302 312 38 580 3269 67 3270 9
T1610	10 24 38 302 312 3271 67 3270 9
T1617	87 253 254 1250 2833 2834 13 1283 9
T545	10 11 38 39 316 118 119 1887 234 111 1154 9
T1615	101 24 38 39 141 13 515 1259 246 1670 9
T1614	10 24 38 39 141 118 515 1259 246 1670 72 274 9
T1619	10 11 38 900 28 2104 9
T1618	10 11 14 2104 9
