467 3 0 1 2
688 4 3 4 5 6
1093 2 7 8
1145 6 9 10 11 12 13 14
1495 6 15 16 17 11 12 18
1736 6 19 20 21 11 12 18
1792 5 22 23 24 25 26
1951 5 27 28 29 30 31
2136 6 32 33 30 31 34 35
2216 6 36 1 37 11 38 39
2348 6 40 41 42 43 44 45
2619 7 46 47 48 11 49 12 50
2631 6 51 52 53 54 12 18
2858 5 55 56 11 12 18
3431 5 57 58 59 60 39
3865 4 61 62 63 64
5802 12 65 1 66 67 68 69 1 70 68 71 72 73
6966 5 74 75 76 71 77
7156 10 78 79 80 81 1 82 83 84 71 85
7492 7 86 87 81 1 88 71 85
7742 6 89 90 91 92 72 93
8162 4 94 95 96 97
8281 7 98 99 1 100 101 71 85
8671 5 102 103 71 72 103
8921 10 104 105 106 1 107 108 109 110 71 85
9010 6 111 112 113 114 115 116
9547 7 117 118 12 119 71 72 120
10197 3 121 1 122
10253 8 123 124 125 126 127 128 71 77
10319 11 129 130 131 68 132 133 134 135 136 137 138
10369 6 139 140 141 142 71 85
10464 6 115 143 144 1 145 146
10883 5 147 119 148 108 85
11235 3 149 115 150
11315 5 119 151 71 72 152
11458 4 153 154 1 155
11881 3 115 156 157
12584 5 72 72 158 1 39
12668 4 159 160 115 161
12811 5 162 163 71 164 165
13447 6 166 167 168 169 170 171
13907 8 119 119 81 1 172 71 72 122
13994 6 119 173 174 71 96 175
14008 5 176 177 178 77 179
14620 4 180 181 182 125
15085 4 183 71 72 122
15132 3 184 1 185
15524 4 186 187 115 188
15532 6 189 190 191 1 71 72
15802 6 192 193 127 194 1 39
16112 6 139 195 196 197 198 31
17070 6 199 200 201 71 72 122
17525 4 202 115 203 204
18026 5 205 206 1 207 208
18186 3 209 210 211
18395 8 212 213 214 68 215 216 217 138
18972 5 218 219 148 108 85
19266 4 220 221 72 122
20037 5 222 1 223 71 72
20833 7 224 71 225 1 226 227 138
20985 4 119 71 164 228
21102 7 229 230 231 232 233 230 234
21283 4 235 236 237 238
22150 8 239 119 240 231 119 240 1 241
22287 3 242 115 150
22845 7 243 244 245 246 115 247 248
22883 4 249 18 250 251
22952 3 252 72 122
23722 3 253 254 255
24634 5 256 257 258 259 260
24820 4 261 262 1 263
24974 3 264 115 150
24984 8 265 266 267 268 269 270 271 272
25598 5 273 274 275 71 72
25848 5 276 277 278 279 280
25931 4 281 282 283 72
26100 4 72 72 284 39
26775 5 285 286 287 115 288
26827 5 289 81 290 72 122
27045 7 291 167 71 72 122 71 72
27615 5 292 1 293 294 295
27674 4 296 297 298 299
28023 6 300 301 302 71 72 303
28032 5 304 305 306 307 308
28660 5 309 310 77 311 312
28919 7 313 314 315 316 175 115 203
29285 10 317 318 319 320 321 322 323 324 325 326
29536 7 327 328 276 115 329 330 331
31048 4 332 333 334 335
31368 5 336 337 10 338 339
31398 5 340 119 115 341 342
31623 5 343 344 345 1 346
32128 4 347 348 115 349
32312 4 350 351 352 353
32803 5 354 355 356 357 358
33268 6 276 359 360 115 361 362
33337 6 363 364 365 366 72 68
33712 4 72 71 367 368
34059 7 369 370 371 372 373 374 375
34285 5 376 377 378 379 380
34388 6 381 231 382 381 1 241
35436 7 383 384 385 1 386 115 387
35498 5 388 389 1 390 391
35840 5 392 393 114 394 395
35945 4 396 397 398 399
36105 4 400 401 402 403
36197 4 393 404 405 406
36782 6 407 81 1 408 1 409
37192 5 410 411 412 115 413
37617 4 414 415 416 417
37765 6 418 71 72 419 420 421
38274 6 422 423 424 71 72 425
38551 8 426 427 428 429 279 1 430 431
39017 6 393 432 276 1 433 434
39600 11 108 435 436 437 438 439 440 204 441 442 138
39955 6 443 444 445 446 115 447
