593 682 1198 665 1353 671 453 1217 2337 1499
1200 128 1036 830 227
344 325 359 280 2181 148 51
345 74 1663 1015 14
346 787 2755 1767
347 100 1899 81
340 3113
341 34 180 79 65
342 2826
343 28 242 427 462 119
348 49 461 759 143
349 167 80 221 3869 470 4
2919 3098 2465 615
2318 2963
2319 188 2248 911 50 1388
2316 53 3897 1551
2317 1 272 746 1192 2710 3379 3817 1408 2151 1256 1345
2314 41 648 402 918 80 307 296
2315 204 1265 1101 2735 1281 553 78 292 546 1156 3311 3583 1907 1408 2151 1256 1345
2312 426 3486 1070 1079
2313 122 3439 431 420
2310 99 678 646 859
2311 1536 280 3851 55 296
298 92 351 274 1832 2121 1354 1521 476 213
299 2 588 1782 796 107 21
296 182 867 1324 1530 161 315 675 0
297 44 1122 1294 3257
294 54 986 525 513 58
295 676 1895 1358 93 14
292 69 255 1776 109
293 518 1058 353 33
290 1649 3374
291 7 285 578 141 16
270 288 523 450 254 192
271 199 184 752 1073 1050 240
272 9 93 284 3666 101
273 364 3755 1095
274 331 75 3453 1881 119
275 352 2940 754
276 691 3971 1117 5
277 2 2178 948 277 140 42
278 239 372 369 605 307 455 29
279 2 1223 400 345 1961 162
2268 63 286 104 1173 3021 3428 1838 1207 695
2269 1 2577 598 496 1216
2262 1 463 725 995 1070 1361 3574 179 14
2263 3538 3422 3798
2260 96 501 421 10 307 309 709 148 51
2261 7 35 734 521 3215 1928 5
2266 691 2222 254 192
2267 123 532 32 444 2339 2449 1139 78 3
2264 91 120 457 971 597 937 45
2265 134 491 1210 778
2442 2 3855 1518 2218 2132 982 1137 1243
2443 41 648 402 1141 3189 262 21
2440 2077 3370 3078
2441 87 481 483 4110 1279 1336 213
2446 153 310 186 467 340 249 52 4
2447 26 292 882 162
2444 56 176 131 103
2445 790 1045 3124 886
2448 1 19 323 526 235 694 1136 206 85 11
2449 26 64 262 129 648 355 124 6 16
108 7 35 885 1205 666 689 30
109 2646 3053 2832
102 138 1135 382 1031 1099 407
103 3509
100 342 2194 540 1306 3809 2683 3600 805
101 260 1304
106 72 1040 50 88 146
107 1 858 1835 1694 349 18
104 98 628 174 1276 2273 4
105 214 758 1765 1723
2046 433 817 1756 1368 1778 933 23 3
2047 691 3972 423 191
2044 182 867 1735 217 506
2045 2431 3868 2679
2042 922 4059 1625 1530 161 76
2043 74 531 337 1839 1138 177
2040 9 895 3122 3164 319 367 333
2041 34 755 2806 2488 1435 29
2188 46 121 578 348 247 151 59
1297 2 589 1611 148 730 197
2048 87 482 1883 2006 471 81
2049 44 416 104 3421 3482 3500 101
2839 1185 1277 396 184 33
3154 594 1284 521 257
2038 69 1409 1274 536 3893 135
2835 53 440 924 647 321 576 510 505 1403 101
2834 218 1150 771 976 640 132 5
2688 91 298 32 107 129 649 23 3
2689 1263 4004 1000 139 10 125 13
2634 2977
2684 230 590 393 234 661 657 398
2685 713 193 48 2358 4034 2506 1897 559 256 363
2686 527 1053 280 983 2732 3377 2340 397 396 184 33
2687 196 1685 896 461 29
2680 92 611 516 67
2681 99 384 8
2682 567 1769 375 1628 2019 119
2683 114 1949 1387 524 767 267
99 44 490 998 881 327
98 26 1165 1919 1592 653 6 16
91 236 2167 361 462 119
90 90 520 133 504 156
93 2 386 1224 206 6 16
92 72 1687 179 97 3420 3674 3256
95 127 172 75 665 197
94 214 157 75 79 65
97 26 71 55 160 1770 50 88 146
96 1 857 362 508
1991 155 969 220 103
1622 25 941 1195 2782 346 0
1621 1479 1221 2199 410 362 796 1015 14
1992 433 1528 1101 622 119
1627 155 969 141 110 10 0
1994 245 1014 94 505 1404 291 1105 1498 3460 2628 1184 1006 794 619
1625 138 916 583 237 6 194 546 422
1996 15 485 1015 14
1999 1148 387 19 747 555 617 389
1998 325 429 1236 966 216 269 70
1629 736 1002 1480 327
1628 41 330 68
2860 790 850 863 2388 166
2861 7 35 1088 2241 2118 43 324 587 52 4
2862 116 319 368 266 36
2863 37 1146 1653 80 0
2864 2 1223 400 981 1207 23 3
558 122 663 50 1867 1128 23 3
2866 69 131 688 413 0
2867 691 2221 190 730 1353 584 29
555 137 369 605 846 1192 1082
2869 654 1182 677 3300 2606 1684 1676 1884 222 47 11
557 218 722 431 3265 1269
556 20 739
551 214 157 347 95
550 535 1787 1076 326 550 384 8
553 72 706 2559 1593 3
552 299 1213 793 18
1199 7 77 40 525 513 58
1198 651 248 511 73 30
1365 7 1109 271 524 235 1010 84
1191 9 2845 81
1190 72 452 604 584 29
1193 12 303 2032 1299 2220 1587
1192 2287 2897 42
1195 44 914 1380 2533 3492 1986 2054 1991 172 75 665 197
1194 414 2119 1238 4118 1041
1197 7 35 1088 2241 2118 43 752 728 17
1196 72 614 1752 2906 1161 1865 304
1759 2309
1758 2823 3934
1757 3134 3918 2501 1135 382 1031 1099 407
1756 3147 2272 24 130
1755 676 1107 690 110 10 0
1754 44 181 202 336 139 10 0
1753 7 77 3835 1948
1752 25 639 1226 429 51
1751 12 909 1580 86 412 229
1750 56 133 1229 1957 1014 140 42
1177 2 979 338
1176 96 499 50 88 146
1175 405 671 709 148 51
1174 950 1072 4014 3672 3501 681 453 514
1173 31 163 710 728 253 42
1172 405 802 781 831 634 353 324 1218 39 3
1171 116 1096 672 227
1170 196 707 1493 1330 403
1179 63 1922 3275 3123 2654 4019 181 4
1178 69 47 4085 3332 2586 17
511 243 170 253 42
510 134 418 1584 10 449 197
513 25 639 73 340 249 52 4
644 91 958 473 549 33
1285 138 647 321 781 831 800 151 59
1284 53 132 603 605 0
1287 37 763
1286 66 1464 164 270 975 498 437
1281 329 743 643 459 83
1280 31 163 851 782 219 379
1283 15 235 694 376 575 1085 1854
1282 123 607 250 935 3398 892 119
1003 332 207 378 22
1289 28 3762 1108 1081 1013 82
1288 20 477 105 465 351 407
514 2438 2416 2439
1579 117 874 189 358 600 681 21
1578 7 35 733 1322 558 43 33
689 53 686 2575 965
688 28 382 2382 2521 463 407
685 149 1344 2239 521 377 344 809 1642 1104 275 290 388
684 1636 4161 2379 377 344 82
1571 7 35 886
1570 214 157 347 3469 3946 523 450 4
1577 38 1170 2066 166
1576 1 24 226 256 468 806 18
683 153 464 40 1010 1240 115 0
1574 128 2055 988
623 1749 646 1056 247 8
1226 2 439 768 2693 52 4
1240 228 1619 2509 1351 205
1225 60 178 430 85 11
1224 38 294 2115 727 374 17
627 91 298 217 1195 888
626 25 941 506
2741 258 947 1181 1124 1431
1221 567 863 1293 442 279
2036 432 1394 375 696 1254 0
1243 2 588 1823 198 534 212
1220 106 732 174 390
2035 114 89 340 545 1016 555 1333 416 1399 2226 1249
1371 494 428 1870 55 145 89 30
1370 171 852 190 592 306 39 3
1373 15 235 23 71 300 1834 770
1372 230 981 3718 581 22
1375 63 286 899 197
1374 31 2756 1097 727 3140 718 627
1377 364 341 1074 796 75 27
1376 56 133 140 42
1379 1 24 357 1493 1330 538 247 151 59
1378 60 478 1268 716 210 772 1909
452 364 341 760 879 500 45
409 792 598 495 488 45
408 2 40 599 479 753 202 509
1343 20 321 27
2747 1 24 226 564 489 255 865 52 4
1242 149 1193 616 335 36
1344 165 557 643 459 83
2746 25 1515 400 590 2375 27
455 1019 2085 897 244
2749 433 817 2566 3830 3326 294 1550 326 1887 195 51
456 236 681 129 257
2748 2236 2638 156
457 458 1889 1420 259 5
379 37 1724 952 495 488 406 240
378 3892 2636 2541
371 128 612 1853 3431 93 14
370 153 404 308 328 1664 1531 170 446 566
373 31 163 39 64 215 97 70
372 41 10 392 229
375 1 1335 2520 242 169 5
374 2 385 870 395 225 249 52 202 1199 265 780 297
377 1149 595 2720 2186 2579 95
376 126 561 323 1262 854 4
393 352 750 3693 2594
392 2 40 1260 469 725 991 118
391 61 102 904 620
390 230 981 1207 23 292 249 52 4
397 20 1100 78 3
396 218 764 1174 949
395 218 775 2441 1183 1078 284 671 105 720 176 14
394 49 461 417 2390 2427 2888
399 218 775 150 2213 1457 1078 284 671 105 720 176 14
398 2 40 1009 503 845 1455
895 49 1326 428 1890 992
2309 54 819 369 1275 107 105 720 1797
2308 187 1130 418 1584 10 0
2301 63 326 314 139 10 0
2300 113 1325 207 48 702 335 112 758 248 434 43 33
2303 15 3263 1576 1201 10 703 732 2572 4025 2137 1751 825 514
2302 1538 876 19 4
2305 239 2998 2094 695
2304 474 1121 181 283 103
2307 37 2508 403
2306 61 160 862 1305 679 5
245 137 269 2033 740 3564 3097 1471 320
244 38 1170 2066 559 256 363
247 31 1090 1156 496 586 0
246 365 1145 1725 71 55 145 89 30
241 74 531 337 366 406 799 5
240 28 154 176 902 731 1659 68
243 2 32 246 29
242 786 1810 8
249 2 385 870 395 21
248 1575 2641 18
2275 541 43 905 295 269 70
2274 579 974 503 0
2277 34 180 504 216 6 16
2276 137 2384 1420 499 50 88 1092 136 22
2271 4117 896 1051
2270 117 86 1662 797 177
2273 331 219 498 1573 462 119
2272 153 1761 251 203 16
2279 2752 2776
2278 3132 2326
2459 25 577 1350 2174 1296 150 84
2458 332 964 1477 62
2455 332 207 48 1285 3269 1453 4
2454 7 2599 2107 1250 192
2457 331 75 27
2456 116 1376 456 238
2451 152 537 3375 3409 3436
2450 651 871 1537 168 0
2453 144 1217 391 1241 22
2452 7 77 385 313 571 109
179 113 840 1225 83
178 147 575 186 276 83
177 25 3448 207 48 0
176 475 1535 1511 1141 1134 853 130
175 113 2323 1063 1435 29
174 218 775 1305 384 8
173 117 86 629 3842 911 646 859
172 2 386 387 24 357 569 124 85 11
171 231 198 534 756 655
170 98 1362 2243 3333 1989 277 27
2051 364 808 180 79 65
2050 1448 1726 763
2053 28 173 758 2645 2905 3646 3905 86 253 3729 1940 3953 43 905 939 778
2052 15 3266 962 666 689 30
2055 34 755 2814 2505 2607 1572 424
2054 3593 2366 3917 1689 3550 2143
2057 41 136 6 270 262 21
2056 231 2670 1875
2059 801 1151 677 908 281 10 0
2058 100 2949 442 279
654 1837 2401 246 417 222 47 11
655 1 858 314 3
652 1 24 357 569 305 350 831 798 749 3199 1688 1666 1038 994 297
653 2144 1927
1504 74 1663 107 21
651 199 498 1219 179 14
2157 56 133 140 2145 235 23 3
3087 1448 2496 33
1364 69 47 1261 3047 1738 296
1509 325 1190 118
3081 1504 2995 1000 208 454 1794 2266 135
225 44 951 672 227
1977 593 843 142
658 61 271 830 1372 692
2699 25 577 248 511 73 30
2698 41 919 601
2697 147 575 186 276 519 961 18
2696 12 2268 4083 3153 592 13
2695 56 133 1179 229
2694 1125 4172 3773
2693 196 3035 2974 762 610
2692 204 2263 952 496 586 0
2691 113 1025 1576 1553 55 455 29
2690 651 248 511 73 1211 963
1974 9 93 2960 2259 1946 818 95
1605 15 568 1582 1038 259 5
1972 128 222 47 11
1607 414 800 151 1825 1459 1683 22
1970 405 3670 2016 1419
1968 332 964 722 58
1969 54 2189 3145 169 108 11
1618 199 3344 2084 3610 995 177
1619 258 306 2443 1258
1964 69 1057 2835 1798 591 115 0
1965 182 312 1176 1746 42
1966 20 411 1461 1352 359 320
1967 1 24 226 256 468 1210 778
1960 91 958 735 1581 529
1613 1188 592 578 5
1610 117 86 104 335 2635 2903 24 130
1963 1 24 226 256 468 1210 3542 2399 2333 206 6 110 10 1282 3769 3788 86 1662 797 2681 3985 1907 2931 1638
2873 3671
2872 1 463 274 315 172 1635 1561 1089
2871 12 836 1624 1150 8
2870 96 259 827 1672 3968 337 2750 5
2877 1837 1684 703 886
2876 60 178 796 444 391 346 0
2875 635 206 6 224 300 473 1044 628 130
2874 167 430 85 11
2879 3688
2878 63 487 1356 1554 3316 555 617 389
2544 199 498 1219 135
1768 3911 1645 2049 1645 2049 2278 1545 2149 1545 2149 1545 2101 1434 1799 1434 1799 3060
1769 56 721 183 565 375 696 1006 581 22
1762 570 1547 1653 508
1763 15 653 1033 555 617 132 5
1760 2866
1761 138 376 574 457 383
1766 25 503 125 250 933 4101 3304 3725 3756 3442 2718 3560 2807 2917 3443 3931 2101 1434 2662 3183
1767 3510 3568 2093
1764 3244 307 271 95
1765 87 556 521 257
1142 171 1706 1629 277 140 42
1143 2301
1140 196 707 1159 132 5
1141 1540 3771 3754
1146 26 64 512 79 1173 1916 529
1147 114 373 638 773 248 675 0
1144 12 836 1257 1836 23 292 2722 915
1145 712 253 2145 168 0
1148 433 817 358 11
1149 15 766 248 806 18
768 260 1456 1856 2168 1022
2966 790 1045 1950 160 361 62
2402 1602 2724 4077
690 199 78 139 10 703 1831 1436 58
692 152 1910 3498 438 2088 310 394 1454 413 0
1547 535 362 80 307 296
1544 458 1402 70
691 1 24 174 349 18
1542 34 489 131 1606 120 308 166
697 41 136 1032 731 841 43 905 238
1540 25 295 6 110 136 269 70
1541 127 806 996 281 10 0
698 258 947 58
699 9 93 14
1548 28 382 2862 3070 162
1549 34 774 1342 58
542 90 520 133 94 2076 422
543 260 1302 193 48 449 197
540 92 351 724 241
541 236 2166 1360 869 1147
546 20 585 328 390
547 99 513 431 420
544 2 40 1260 469 873 684
545 426 3490 2045
548 676 2928 1510 751
549 2 32 602 560 82
760 114 756 656 0
761 96 3399 1080 345 1975 58
1784 182 867 1734 251 254 192
1982 12 348 247 151 59
1785 218 1477 161 623 1291 57 5
764 1113 3185 3325 2661 3859
2841 365 1982 1378 466 425 150 84
2158 74 1665 931 1705 876 2562
414 188 3470 338
415 635 656 448 343 401 181 630 311
416 188 2250 23 139 10 449 197
417 138 916 583 237 6 194 409 39 3
1388 117 874 190 3894 4035 3073 591 1588 1194 3871 3862 4131 2532
411 34 415 453 215 2944 4078 3926 234 119
412 56 133 94 947 3612 3792 277 27
413 28 242 169 603 841 695
1384 49 2540 391 191
1385 98 1393 1206 515
1386 60 1215 77 32 347 95
1387 2 589 637 1217 304
1380 34 1116 804 751
419 20 322 47 443 2751 58
1382 218 1478 2560 582 67
1383 46 55 102 632 3621 1692 820 8
1254 2561 1369 176 14
1292 20 322 284 1180 830 318 179 14
1447 15 168 125 864 327
368 100 2111 1571 1216
369 7 35 1833 984 120 308 1120 1490
366 414 798 135
367 626 804 372 6 16
364 230 590 393 234 661 422
365 3706 2795 789
362 54 3882 3250 1453 323 11
363 46 381 2110 1522
360 20 411 234 661 3324 86 899 1786 1346 135
361 41 920 1170 3511
2760 46 55 145 233 83
380 426 3488 2271 1742 1340
381 28 242 169 604 301
382 152 538 247 8
383 25 295 85 11
384 786 2690 1155 424
385 230 1227 1915 901 296
386 134 1968 4007 1976 371 210 925 2631 3991
387 98 728 104 65
388 69 632 3632 1184 1254 0
389 99 679 220 823 1022
2792 37 1472 1244 406 1197 58
2190 37 195 2719 1132 1480 327
2191 2 385 248 172 219 379
258 1 19 748 2170 892 500 467 30
259 187 471 81
2194 114 373 1118 273 189 1756 2717 16
2195 2201 2025
2196 231 198 612 1855 1000 64 262 21
2197 594 1284 521 10 0
2198 2 216 369 1661 923
2199 20 585 559 564 774 1770 646 859
250 2 386 1226 429 821 264
251 299 586 392 1908 124 6 16
256 34 3061 2336 1058 39 64 215 14
257 682 2041 776 3944 4009 2193 162
254 1 463 275 374 745 1230 265 2047 1155 424
255 187 277 27
2200 7 35 732 617 440 223
2201 2079 1695 2098 3717 3637 3949
2202 2 32 246 234 3400 2017
2203 1985 1544 495 488 406 240
2204 149 1344 4038 275 290 388
2205 236 1577 255 1778 1175 68
2206 3241 888
2207 474 641 1389 1820 1415 4
2208 147 575 1186 1039 132 5
2209 494 428 281 648 402 1141 205
2428 2507 2860 2525 1275 246 29
2429 261 472 109
2420 3559 692
2421 152 358 526 168 846 3557 120 271 1253 945
2422 90 1239 1107 403
2423 1715 314 71 55 145 212
2424 25 939 1506 3280 393 29
2425 69 1057 2165 3434 416 17
2426 2 439 769 2072 57 5
2427 90 520 2649 3641 345 999 161 76
1848 680 2437 3426 2209 284 301
168 28 382 1031 1382 552
169 1112 3872 2570 1741 101
164 332 207 48 0
165 579 974 238
166 167 430 22
167 405 957 328 390
160 12 303 3371 380 32 219 379
161 126 561 283 688 2990 805
162 12 108 443 318 179 14
163 693 927 210 421 10 221 1586 3597 3939 530 1552 465 554 17
2518 99 678 1965 1523 627
2519 693 927 210 908 281 136 22
2514 1911 1486
2515 1636 4160 3716 597 427 62
2516 1443 1440 1300 1208 382 351 275 290 388
2517 99 678 1965 1523 1862 4079 2609 759 2089 1029 186 875 82
2510 921 3152 1357 528
2511 106 410 362 508
2512 72 3018 287 279
2513 26 71 339 32 1634 166
2734 2955 2778 2331 4094 4024 1323 75 27
2735 1084 3639 4036 2180 1102
2736 2204 2847 3048 3848 2025
2737 214 1129 1432 851 295 2381 3225 302 846 543
2730 261 545 348 311
2731 74 1665 931 1705 726 322 14
2732 116 889 3289 4137 3628 880 856 1880
2733 1602 4037 3169
2738 152 537 660 656 702 1507 812 57 141 194 59
2739 7 285 578 303 659 2120 1097 363
1090 126 290 2188 1233 39 3
1091 535 362 80 0
1814 69 131 1606 1556 13
1815 9 553 78 139 10 0
1816 228 1005 2126 775 223
1817 117 86 412 229
1810 12 268 956 195 51
1811 123 447 1086 423 346 0
1812 299 1213 506
1813 579 1568 3587 3351
1818 968 1466 1316 486 266 112 1128 525 437
1819 2 40 2253 1471 280 263
646 41 377 344 809 1641 744 45
670 44 951 967 766 68
1087 28 154 1065 57 5
2795 114 373 1935 1197 431 653 6 16
671 15 1091 1348 286 104 65
1609 123 532 2176 931 1708 8
1608 1479 3824
1979 833 2020
1978 833 2469 2350 3936 1323 75 2058 4043 1872 542 143
1601 92 450 283 103
1976 53 440 353 324 587 52 4
1603 3664 3121
1602 1018 2590 283 103
1973 87 897 1629 2689 1008 977 81
1604 293 606 308 641 627
1971 44 914 1381 4
1606 123 607 210 151 409 150 84
1555 106 884 1857 130
809 46 300 884 2812 175
808 579 67
803 2957
802 1540 3766 8
801 53 440 353 33
800 712 746 1542 699 255 719 223
807 1720 2524 1934 429 51
806 316 1179 1412 389
805 231 2669 1608 67
804 2972 4055
2848 299 1995 2128 168 0
2849 352 750 3689 2211
2846 96 661 1155 424
2847 352 1417 142
2844 53 1598 3614 2425 1143 1802 1490
2845 54 985 1785 263
2842 950 1071 302 703 251 4
2843 261 544 771 215 255 1346 135
2840 138 647 411 491 241
1554 1149 3977 1623
909 20 322 97 660 656 0
1775 239 3000 267
1774 116 890 1893 1327 67
1777 165 397 222 14
1776 165 397 396 776 84
1771 9 252 741 1068 961 18
1770 2203 1704
1773 1795 2068 13
1772 15 767 460 200 21
1779 37 1724 952 496 586 0
1778 38 2035 4017 3687 880 856 1671 2175 310 250 237 85 11
1551 137 6 194 544 1488 992
1159 28 173 1955 1225 83
1158 113 445 3974 1152 170 446 566
1550 2 3841 3142 157 75 2184 264
1155 106 735 517 1201 10 0
1154 155 2147 657 398
1157 114 373 638 558 43 33
1156 458 1889 1420 119
1151 28 154 540 21
1150 2039 4142 1385
1153 228 1255 1442 366 467 30
1152 26 208 454 175
59 9 480 361 62
58 1 19 748 1259 706 1328 229
2998 152 2574 2276 927 210 908 281 136 22
2999 38 779 3782 1539 67
1553 182 867 1734 735 697 932 2853 611 517 118
1552 20 477 129 10 0
3038 3517 3231 3543 3784 1851 3156
3039 25 503 845 1455
1557 60 178 80 392 229
1556 182 867 1324 1530 161 76
2990 61 1312 988
54 46 55 271 524 420
2992 2 438 2088 310 394 1454 413 0
3037 475 1535 3432 1361 1344 2240 550 437
3030 38 573 1648 339 343 267
2995 165 557 644 456 1514 18
2996 92 705 1333 1187 456 939 1506 1693
52 44 181 203 849 36
537 7 1109 102 904 620
55 997 3031 1524 910 211 142
535 98 470 283 103
534 153 464 1223 400 981 1164 269 70
533 122 663 50 1388
532 441 48 125 13
531 1 858 1835 1692 989 45
3035 2952 2911
57 1 1754 1591 1056 2619 2017
539 329 1398 993 1522
538 31 1162 287 279
56 38 294 1200 507 73 30
1558 3242 2900 1237 1951 359 320
51 1657 3603 1524 910 211 142
50 9 1865 391 191
3032 2202 3919 3042 36
3033 522 3372 506
1975 364 973 487 274 565 1131
536 2958 3658 1630 186 45
429 147 2044
428 2203 2451 3888 636 142
1399 7 35 473 1087 178 507 73 30
1398 37 650 4167 1952 929 73 30
1397 1954 3082 2369
420 90 282 554 104 3423 2224 425 39 3
423 698 3967 794 619
422 441 737 278 565 374 17
1393 458 483 4107 1904 1116 101
1392 99 384 421 257
1391 31 163 1699 2827 198 612 81
1390 56 176 284 301
530 37 650 1639 1726 195 2197 1178 492 212
1420 34 1435 1462 1319 415 225 545 5
853 74 531 337 318 135
1443 239 372 1395 2548 1452 5
2331 152 4126 1874 916 583 237 6 194 546 422
2183 625 530 906 409 399 354
2182 44 490 266 112 115 0
2181 87 481 483 4106 2485 1043 1439 333
2180 134 2289 2479 4130 177
2187 41 649 23 64 976 328 124 6 16
2186 228 4064 2252
2185 7 1109 145 89 340 547 45
228 405 802 504 216 85 1574 606 296
227 352 750 3694 2020
226 155 969 5
2189 334 1049 174 1028 23 3
224 31 1374 1133 1810 8
223 2 385 313 788 179 97 70
222 153 404 102 97 777 242 936 223
221 12 108 443 318 135
220 26 208 111 629 156
2213 1 19 202 956 1471 280 263
2212 152 1755 1703 133 1179 229
2211 541 694 647 740 383
2210 518 1781 3615 1670 2123 383
2217 90 1240 3137 2142 1003 115 1674 42
2216 239 413 392 633 93 14
2215 1911 3274 238
2214 4121 2712 377 344 82
2219 38 779 3778 800 8
2218 167 1196 18
2230 230 1227 1915 901 102 14
151 567 1769 375 244
150 116 1377 697 932 88 146
153 15 235 2256 2247 1712 454 175
2438 792 598 496 3760 370 509
155 230 345 1244 276 83
154 15 1994 1485 120 271 95
157 26 64 262 129 257
156 98 469 466 3395 58
159 128 1037 970 1134 454 2640 4072 3504 235 2256 2247 1712 454 175
2432 31 163 2440 1829 590 393 234 661 657 398
2431 182 112 115 448 438 1077 86 17
2430 426 2064 537 2033 322 14
2437 63 3030 1736 3270 1365
2436 230 345 645 3056 3826 1747 208 454 175
2435 3091 4051 1486
2434 63 1923 1117 141 16
2974 63 487 275 1131
2509 232 1481 529
2508 128 1292 1144 608 271 1619 1731 17
2507 801 1152 3472 3393 1945 181 203 849 2614 2982 1872 542 143
2506 63 486 1247 2859 59
2505 69 284 584 1970 3033 1248 437
2504 9 200 129 10 125 13
2503 37 1472 645 771 810 291 201
2502 113 1024 3522 3104 789
2501 26 64 262 709 1426 67
2500 25 782 107 21
2727 41 3217 338
2726 15 766 2651 1608 955 587 52 4
2725 46 121 505 179 131 823 1022
2724 54 302 392 3005 3924 1730 515
2723 20 477 129 330 2648 1554 1852
2722 49 714 78 64 512 140 42
2721 113 2317 338
2720 1153 1863 897 244
2729 54 1596 75 140 42
2728 147 664 3601 2811
1807 53 440 39 71 121 13
1806 1112 2480 4123 582 67
1805 98 470 4
1804 144 262 453 514
1803 522 2026 18
1802 61 1046 1571 1548 68
1801 474 1533 896 356 255 311
1800 69 255 2617 62
1809 2 343 401 1122 610
1808 61 309 453 215 14
3088 38 779 2159 773 68
1524 12 108 443 1162 1115 722 3613 945
1948 1 1335 1212 2819 57 5
1949 651 313 501 8
1257 7 77 438 1503 586 0
1942 239 372 85 526 168 0
1943 475 2084 3619 623 1292 1827 1600 67
1940 493 1237 233 3915 3829 486 158
1941 153 464 216 269 777 82
1946 239 1423 4170 984 120 457 971 597 209
1947 12 108 443 366 45
1944 1538 2745 1486
1945 352 750 4075 1704
818 117 2664 4150 166
0 950 2848 3952 812 57 5
1255 792 598 2992 2730 282 554 17
810 3340 2671 3507
811 218 764 934 3075 2371 957 166
812 54 1232 824 55 1714 81
813 1993 2395 3629
814 2144 3055 1445
815 232 1481 1020 1363 1270
816 594 3515 617 820 8
817 342 1601 1177 421 257
2859 414 2119 1238 1632 2091 2665 2592 634 223
2858 41 648 402 256 363
1250 332 207 48 449 1771 556 158
1990 3684 3839 2180 1102
2851 165 557 561 254 192
2850 2040 1670 301
2853 1 463 275 374 17
1523 293 2078 797 177
2855 31 1162 1433 946 900 835
2854 2 439 1485 298 589 18
2857 364 341 2685 35 3207 2050 2021 109
2856 60 894 489 14
1490 9 252 576 1564 624 244
421 1912 2299 1759
1492 2 979 3685 1442 366 45
1493 187 1364 708 829 82
1494 260 1042 1893 2547 1859 1790 773 248 674 22
1495 37 650 4158 3955 544 1488 992
1496 100 1410 576 1566 160 57 1016 2878 1205 945
1497 26 71 300 251 283 103
1498 66 1463 27
1499 1055 162
1395 535 1351 1460 472 109
1626 236 681 453 810 1981 714 379
1700 28 242 427 838 143
1701 66 1142 183 623 534 642 240
1702 7 35 884 2808 4028
1394 792 598 3313 3853 1904 1116 101
1704 3329
1997 196 451 256 879 500 45
1706 53 132 108 11
1707 72 1687 179 97 70
1708 92 705 174 2154 2217 1193 1746 42
425 7 285 306 710 470 4
1624 20 3719 442 1405 355 124 22
424 474 3096 715 67
427 289 1268 2212 308 166
2975 91 120 102 47 11
1128 3001 3799 520 133 504 156
1129 54 1597 1487 484 18
1120 15 485 107 105 36
1121 185 943 129 257
1122 87 556 266 36
1123 171 852 2173 1301 82
1124 188 1006 670 338
1125 90 520 3707 391 191
1126 56 176 47 11
1127 98 628 174 349 497 36
2989 185 3502 2065 2081 484 18
2988 652 1303 252 79 3424 3663 523 450 4
3029 1 19 203 110 920 573 1273
3028 787 2237 645 771 512 27
2983 37 195 687 1192 1813 45
3026 9 252 3449 3179 1707 399 354
3025 1 24 357 1493 1330 538 719 399 354
3024 204 1264 999 1616 2302 4166 2131 5
2987 1019 2085 897 1628 3355 3734 2127 1529
2986 2 40 23 3
2985 37 195 687 860 413 125 13
2984 261 1826 1513
524 99 815 1039 686 3008 159 27
525 196 1425 742 101
526 37 195 2197 1178 492 212
527 231 198 222 1409 445 18
1018 289 2266 179 903 1871
1019 153 464 217 1194 870 222 97 70
522 185 1526 1120 1161 627
523 61 1714 81
1014 1633 1341 1509 854 631 584 759 143
1015 790 1045 1950 3022 2908 68
1016 1055 2212 102 14
1017 188 4062 6 16
528 41 330 248 434 694 700 857 175
1011 138 376 380 217 581 22
1012 123 447 1086 423 1241 22
1013 12 1267 2713 1877 610
1234 2708 3451
1235 594 701 1822 263
1236 137 1678 2122 291 201
1237 127 172 219 78 3
1230 123 447 1086 423 191
1231 128 396 78 3
1232 72 706 717 438 1168 1040 50 88 146
1233 2284 3158
1238 126 644 314 3
1239 1191 58
438 90 1240 758 278 76
439 96 259 1245 2543 1437
436 147 380 32 107 21
437 41 10 392 1412 132 5
434 171 852 190 592 306 399 354
435 41 330 278 76
432 26 3386 2491 3616 241
433 1 19 323 443 887 8
430 7 35 410 362 80 0
431 72 452 220 688 413 0
1630 72 452 348 247 8
473 2707
559 96 662 784 3947 3197 2071 163 850 539 662 940
2481 693 2004 734 521 257
2865 25 295 6 16
2868 49 356 904 1672 346 0
3162 106 917 1072 2230 302 125 13
554 153 464 217 506
1162 127 3478 207 737 68
3082 833 1977 3668 2655
3163 128 159 781 832 206 1391 311
1961 31 163 924 3192 1539 2117 33
3160 7 77 2503 448 1223 400 345 1960 1305 384 8
2464 34 912 184 324 3785 327
2949 1153 2844 2123 3758 3475 485 246 29
994 3814 2528
2948 3402 3920 1532
997 2077 1496 1119
3161 204 834 687 3565 1277 159 94 13
996 736 442 48 307 1311 101
238 122 169 108 1011 2067 67
239 680 1626 517 1617 1918 1638
234 87 481 483 4104 4087 2857 923
235 1475 3144 3222
236 691 2221 190 730 1067 1023 317
237 316 1517 735 189 358 11
230 53 132 348 719 39 3
231 654 1183 1809 640 389
232 218 1480 287 2739 2784 1414 284 1171 47 600 515
233 331 107 21
2944 1796 1874 1140
2462 12 141 194 621 749 29
2228 9 200 105 112 562 460 200 225 547 726 739
2229 126 757 158
2226 228 1005 1558 1631 97 70
2227 113 1325 207 48 0
2224 260 3214 3204 1183 1809 640 389
2225 7 35 2743 3388 2494 1953 2082
2222 106 1834 3279 3998 418 983 59
2223 316 665 1353 2122 1147
2220 92 2232 1072 2229 789
2221 56 869 761 580 8
1 12 268 336 64 215 164 16
146 2591 4029
147 261 882 717 156
144 231 198 534 756 2007 355 124 6 16
145 41 649 23 3
142 3743 2668 3346 2269
143 1185 2338 263
140 288 523 533 596 1310 984 120 457 971 597 209
141 7 77 588 1063 180 27
999 325 1371 2300 3306 3722 304
148 128 1037 970 1134 454 175
149 1701 287 279
2088 60 894 1932 166
2089 228 2160 2865 3356 435 3
2082 214 157 75 140 42
2083 712 746 1542 699 14
2080 15 767 401 181 254 445 595 409 223
2081 342 2194 540 1306 3813 2947 341 1815
2086 1849 4095 1763
2087 25 639 387 19 323 11
2084 3259 3352 3322
2085 3927
2538 196 451 256 468 1209 355 124 6 16
2539 12 303 659 1197 58
2532 53 686 826 241
2533 31 163 1045 3797 1547 1655 205
2530 1475 1996 1710 1718 1460 621 179 14
2531 432 1858 396 776 84
2536 1018 3362 1069 3699 3623 453 514
2537 92 705 174 1027 870 222 47 11
2534 329 743 842 1857 1331 1075 302 846 543
2535 199 776 1239 1407 907 1308 3210 84
2712 567 539 994 1850 1074 80 125 13
2713 61 160 57 5
2710 736 4023 2936
2711 185 944 234 3397 826 2141 1269
2716 334 2510 1680 2260 2875 3474 2620 3770 5
2717 2297 2822 3618 1131
2714 432 1394 842 476 213
2715 134 759 3553 2063 1452 5
2718 2 216 22
2719 691 2222 4
1832 41 377 344 809 1641 2624 1080 978
1833 149 1343 220 103
1830 138 376 574 457 795 80 0
1831 138 376 574 457 795 508
1836 31 366 467 340 249 52 631 802 3450 3287 2354 926 24 130
1837 31 1090 1156 495 488 878 359 280 983 59
1834 293 1029 578 827 620
1835 236 3821 641 742 101
3090 117 874 190 51
1838 12 108 526 2741 778
1839 56 1758 233 83
2154 188 2250 23 3
2155 7 77 40 1009 295 6 16
2156 1202 1918 1640 1589
2405 15 3264 1432 399 354
2150 245 2030 803 572 604 301
2403 1019 2471 1059 50 88 146
2400 522 2024 738 510 13
2153 54 2190 338
933 1339 297
932 126 290 388
931 74 124 22
930 134 563 561 4
937 56 540 129 257
2159 2087 2920 4102 160 57 5
935 15 1093 964 1064 45
2409 66 1974 1147
2829 2736 2512 2397 133 27
1955 441 48 221 1902 587 52 4
1954 128 395 129 649 23 3
1957 9 93 1898 2549 3599 492 89 785 148 51
1956 518 2622 2240 3212 1258
1951 698 1242 3253 1354 170 253 42
1950 1717 266 112 115 2367 3043 972 223
1953 138 376 575 609 1379 205
1952 625 530 907 3861 1933 8
1959 152 1250 1274 402 256 727 1447 770
1958 243 2060
829 122 1177 8
828 2422 4065
825 245 1519 78 3
824 99 678 646 1056 1777 657 488 45
827 243 170 1886 1668 2909 3341 3642 538 1061 287 48 221 264
826 92 351 542 143
821 316 783 860 372 6 194 545 604 301
820 332 207 48 1285 3277 1114 36
823 1716 190 821 1590 577 1766 684
822 188 1252 107 105 112 115 0
3097 12 348 247 151 621 1406 225 881 287 3348 1971 1747 64 215 47 600 828 140 42
1536 34 180 94 250 934 18
1993 654 1184 3491 866 205
1483 1 19 202 953 513 58
1482 92 2232 1072 2229 580 8
1481 426 3489 1522
1480 196 451 564 928 89 30
1487 243 170 745 264
1486 228 1005 1558 1631 164 270 436 101
1485 693 927 210 908 281 136 2328 4112 1873 598 3315
1484 3675
1489 116 890 254 192
1488 9 200 129 10 125 505 749 234 425 39 3
1713 96 501 908 1890 992
2411 921 3148 1730 2167 862 399 354
1711 98 628 174 2154 1607 1096 672 227
794 90 282 1289 244
1717 28 173 157 1605 795 2102 23 3
792 114 373 638 206 6 2435 148 51
1715 7 35 734 825 436 2125 1042 630 719 39 3
929 541 599 178 507 980 240
1719 171 711 368 266 1783 1848 2343 582 2114 84
1718 171 711 368 266 2630 4156 912 78 3
2413 1563 2245 3041 3591 2352 1773 754
799 669 2298 4048 681 21
798 2 386 980 583 2043 805
612 2556 2396
2412 12 268 1549 628 2005 1969 1346 135
613 654 1182 677 2000 829 82
2415 293 606 308 641 200 21
610 1613 3979 692
2142 651 248 511 73 1211 300 251 4
1139 63 487 466 500 45
1138 1113 3181 3046
2141 185 699 131 2223 1711 139 10 0
1133 693 927 210 421 257
1132 325 3562 2271 1051
1131 441 378 369 2321 3107 2680 3714 870 704
1130 38 294 1550 286 104 65
1137 138 700 272 629 156
1136 9 252 741 566
1135 15 767 401 181 254 445 18
1134 44 1122 193 279
2419 352 750 3692 1824
1276 626 960 1556 186 878 359 280 2181 148 51
921 152 537 2032 848 172 1015 14
476 20 1283 839 67
615 364 341 760 363
3142 167 80 350 832 206 6 270 436 101
3018 325 429 1366 156
3019 123 447 734 266 112 115 0
3012 167 796 602 212
3013 594 701 1069 3702 3923 1183 2688 804 372 22
3010 9 93 131 990 944 563 374 17
3011 9 480 57 141 270 812 57 5
3016 53 1599 1962 120 160 57 5
3017 214 157 347 1008 3819 560 82
3014 9 553 184 613 861 101
3015 98 1806 368 266 36
519 28 173 115 448 216 2856 3006 3384 610
518 66 492 89 30
926 92 611 516 974 3447 1531 170 446 566
1009 2 588 1063 774 360 162
1008 541 23 292 472 109
1007 15 485 246 29
1006 1721 2134 3795 1940 2218 207 378 22
1005 15 766 2644 2945 209
512 1339 2787 2012
515 331 75 79 335 36
1002 1721 2134 1445
1001 1 1753 4153 78 3
1000 260 1690 542 143
1227 196 707 569 305 221 264
622 44 490 596 111 17
621 26 64 262 225 249 52 4
620 72 614 161 76
1223 96 3396 2817 302 0
1222 37 650 1639 1317 1515 400 978
625 69 1057 2837 1453 4
624 72 706 717 156
629 122 169 108 1011 945
628 260 2424 213
1229 147 574 308 166
1228 3363 3284 4169 3065 4049
1535 9 200 428 281 10 0
2882 3976 3857
2883 3118 3495 3690
2880 2938
2881 3260 4097 1894 2028 404 145 212
2886 2705 2335 2413 3017
2887 2306 2978 3337
2884 1476 337 887 8
2885 3822 3058 3485 1413 404 145 212
2888 3956 4000 2444
2889 1448 1532
2 1536 1859 1790 656 0
1561 167 430 1391 311
1714 299 1214 107 709 148 51
2958 288 2838 1927
11 1538 877 655
10 214 157 107 21
13 31 1373 1513
12 167 3595 1644 1791 363
15 165 557 757 266 36
14 342 1601 209
17 63 487 1356 3660 1349 23 3
16 9 818 524 420
19 1 1751 1247 1392 658 4
18 12 268 336 139 919 347 95
2959 2 216 1033 897 1012 1103
928 1 1401 367 333
2742 258 947 1181 1124 1609 675 0
201 49 1052 95
200 144 1570 1416
203 46 381 797 1357 528
202 334 854 631 584 759 143
205 123 608 102 47 11
204 53 440 924 647 411 1461 1352 359 320
207 56 1066 341 1074 430 22
206 245 982 1137 1243
209 3071 3526 3569 1492
208 20 322 97 660 773 68
2745 594 701 1822 2526 436 101
1573 1 19 4
1572 7 35 473 552
687 72 2407 1175 871 143
2239 3493 3651 14
2238 334 1049 718 480 57 5
686 12 303 1004 24 130
998 15 766 313 500 406 240
2231 723 2550 1510 484 18
681 204 834 2198 633 627
2233 2164 4001 2332 1484 265 169 348 311
2232 236 2166 1808 2930 1892
2235 2164 2231 164 224 55 296
2234 9 93 164 224 55 296
2237 408 744 2729 2418 252 27
2236 34 180 79 502 59
1575 214 3161 1971 2569 84
682 34 755 81
229 7 285 1186 847 390
2184 74 531 337 887 8
2095 245 3876 973 286 17
2094 218 1064 276 83
2097 49 1052 2065 1529
2096 570 2109 1638
2091 316 1229 1132 1788 108 11
2090 3880 2954 2769
2093 3262 3383 383
2092 698 3007 2904 2355 2616 2587
2099 3744 2759 1623
2098 87 556 998 546 422
2525 676 1895 1358 93 255 247 771 512 94 505 179 14
2524 63 1428 696 1007 68
2527 1429 1578 1914 2027 636 211 142
2526 25 639 73 807 111 17
2521 329 1398 993 1501 3981 711 368 266 36
2520 1 19 203 270 2265 89 30
2523 1202 148 2200 1987 1058 150 84
2522 90 282 1035 175
2529 1263 1637 1114 465 351 275 290 388
2528 34 180 685 455 183 315 3736 68
2791 1 24 357 1159 820 8
2709 60 478 1270
2708 352 1417 211 142
2705 138 1136 206 369 192
2704 12 303 660 558 23 3
2707 260 1302 2896 2886
2706 635 206 6 224 55 455 29
2701 123 532 32 107 105 36
2700 299 2152 1611 1426 67
2703 38 3419 3886 721 29
2702 243 1520 1331 1079
1829 91 120 160 57 5
1828 38 1169 3285 350 831 634 223
1825 31 318 1404 1318 1232 18
1824 3188 2279 3074
1827 822 1367 1430
1826 37 1980 1508 667 27
1821 329 1106 534 233 3312 2029 517 118
1820 1 19 202 954 1515 400 978
1823 20 585 328 305 307 296
1822 46 300 548 274 76
2147 87 556 998 546 657 398
2146 138 376 380 217 581 370 1199 282 533 158
2145 87 4027 3069 223
2144 365 1145 2497 469 725 991 118
2143 90 1239 1407 3654 281 10 0
2414 2 40 1009 782 75 781 1013 82
2417 1563 2245 754
2140 2573 1400
920 2 439 769 667 140 42
2418 1698 1773 754
922 258 210 772 959 393 29
923 122 169 108 1011 2063 1960 399 354
924 243 1520 718 93 14
925 20 321 504 156
2149 28 154 540 1306 4010 2002 1521 476 213
2148 165 848 172 1015 14
1920 144 1570 1903 2470
1921 96 994 2791 4145 58
1922 74 1026 855 2686 608 102 14
1923 98 1393 672 1839 1138 177
1924 63 486 825 975 184 324 3786 1138 177
1925 204 3380 2227 519 961 18
1926 114 3126 938 473 549 33
1927 12 141 224 300 885 1205 666 1246
1928 1541 62
1929 331 75 665 197
832 334 1728 274 623 159 27
833 90 282 1031 368 158
830 2692
831 53 686 161 622 1189 52 4
836 693 2004 251 283 103
837 38 294 1200 430 370 509
834 1811 3759
835 2304 2330
838 535 1787 1076 286 104 1173 3015 403
839 28 154 176 97 70
3 34 774 57 5
784 232 1163 3914 2228 326 552
785 114 89 785 959 393 29
786 214 157 246 418 1585 312 209
787 9 553 184 33
780 7 77 439 3291 2881 1171 97 70
781 1125 2568 2414
1728 1720 1737 2044
783 1125 4173 2564
1726 833 2453 4081 3129
1727 127 674 22
1724 155 969 268 336 208 658 4
1725 921 3331 1384 788 135
1722 53 132 108 3608 3084 3584 743 375 244
1723 171 711 1099 407
1720 188 3878 18
1721 293 1029 13
468 1339 2790 523 450 4
2439 99 815 1298 1053 320
60 2781 1829 590 1287 21
3004 7 77 979 337 366 467 30
62 182 312 937 276 519 346 0
3006 123 607 250 935 1203
64 38 1170 4134 89 30
3000 594 2075 3066 45
66 2305 3539 3996 808 1932 166
3002 551 360 716 13
68 138 647 585 166
69 9 93 255 311
3009 9 93 255 1780 297
3008 3838 2836 1759
407 1263 4147 2918 5
1588 232 1228 906 545 5
1589 258 306 851 238
406 7 35 410 362 80 702 502 59
1582 149 2092 915
1583 49 356 131 103
1580 98 1073 1050 583 934 595 59
1581 60 479 286 104 65
1586 12 141 110 10 449 197
1587 2 385 1500 643 2172
1584 765 2171 404 160 1342 58
1585 26 64 215 47 600 828 140 42
2433 2659 2484 1051
1038 34 912 184 33
404 46 339 217 506
508 9 480 57 5
509 231 198 395 1489 1497 86 412 229
1032 53 1598 1181 1124 1431
403 56 1065 360 1238 1632 1190 118
504 28 154 133 685 145 89 30
1031 7 35 3389 3711 929 73 30
1036 342 2195 351 724 241
503 127 673 1487 372 85 11
500 117 874 697 932 88 146
402 56 869 761 2191 1854
630 60 178 796 444 304
1213 56 721 183 76
632 1 19 748 1259 2406 58
1211 9 93 47 600 681 1220 111 371 13
634 28 3638 1324 306 39 292 621 179 14
1217 432 1394 1127 2270 21
1214 144 811 1905 965
637 171 1706 1012 1103
638 188 1006 1195 888
639 34 755 2801 1208 173 1955 1225 83
1218 293 844 624 1012 1103
1219 69 97 659 583 237 6 16
1983 134 3194 2742 32 347 830 227
2416 868 3174 754
465 15 1093 207 737 1500 3141 175
2899 92 1034 1087 478 837 8
782 3367
2895 128 395 129 136 269 70
2894 134 563 757 158
2897 2 40 525 513 58
1729 41 1468 581 22
2891 25 1516 355 1028 23 3
2890 2800 2311 36
2893 187 1814 78 3
2892 49 714 498 814 45
1454 96 499 50 88 2760 2357
1107 236 828 741 566
1104 1647 2320 1358 252 27
1457 494 428 1392 111 899 1067 1023 317
1450 293 606 1312 988
1451 433 817 403
1100 100 1410 741 2980 1198 27
1101 127 172 347 524 168 221 1230 265 780 297
1458 182 720 176 904 620
1459 117 86 900 835
1108 245 1494 1951 2902 3464 177
1109 91 120 1047 1002 1150 8
788 99 1218 39 139 10 0
789 171 1309 542 143
680 106 1830 1451 169 220 1762 1709 1614
959 122 1176 717 156
958 54 1596 2672 530 906 59
2794 74 1027 871 2530 854 630 2458 1138 177
2945 1295 1610 1947 3650 422
2131 147 380 217 670 338
3071 20 740 808 928 642 800 1998 111 17
216 96 425 39 3
217 2580
214 144 262 2442 2989 3406 29
215 187 2687 1654 8
212 28 154 133 79 65
213 334 854 254 192
210 261 547 276 519 961 18
211 54 3879 1077 86 17
1530 3561 2696
218 535 362 430 22
219 2039 3929 252 79 65
2138 165 397 1291 1768 109
2139 31 1373 934 18
939 165 1038 259 141 1697 658 4
4 2 385 313 1167 935 1203
2550 46 381 582 435 3
3005 46 121 394 1964 1042 747 555 174 349 824 963
2552 99 815 451 256 363
2553 1 19 203 1697 111 104 65
2554 245 982 234 788 179 164 16
2555 34 755 3656 4116 548 407
2556 61 271 95
2557 53 440 353 324 587 52 483 2258 2495 714 379
2558 713 193 48 738 2057
2559 218 775 1307 1419
3007 1 24 226 564 180 94 306 710 470 4
2396 1315 333
2397 34 180 79 3704 2766 605 0
2394 1698 2627 1524 910 211 142
63 567 863 1293 1618
2392 187 1814 776 265 169 220 2796 2870 658 4
2393 2038 2252
2390 593 2313 3175 36
2391 1 24 2567 4053 86 104 65
3001 654 1184 1006 793 18
2398 3012 3364 1496 1119
65 2910 2968
2778 3695 2538
2779 1386 1902 437
3003 74 2329 3105 3921 2969
2649 98 469 872 159 27
2770 713 193 48 2372 1987 1060 62
2771 99 815 451 256 468 675 0
2772 2973
67 2387 4111
2774 232 2015 1250 192
2775 2 32 347 830 2748 462 119
2776 2 2711 2898 929 73 30
2777 9 93 255 1780 1851 2129 320
667 522 3369 2987 2386 1680 2260 1816
2803 1443 1440 1300 1208 242 937 45
1858 522 2834 1032 1368 1777 422
1859 128 2055 2673 1900 216 269 70
1850 331 75 3856 2226 523 450 4
1851 49 714 184 33
1852 332 207 48 1285 2882 1798 591 115 0
1853 2 386 980 2120 297
1854 289 4018 2014 2802 2933
1855 44 1123 189 690 270 812 57 5
1856 1650 1625 306 39 139 136 22
1857 26 139 1979 948 277 79 65
2172 2 385 313 499 1133 1082
2173 12 141 110 330 278 622 499 915
2170 34 180 79 3791 3180 4056 472 109
2171 20 1100 776 84
2176 61 160 57 604 301
2177 87 481 483 2259 3106 715 2150 539 571 109
2174 74 2324 793 18
2175 37 195 1366 40 1010 84
915 98 729 189 358 11
914 60 178 2104 670 338
917 787 2234 403
916 90 282 533 158
911 49 1505 233 1604 1757 277 140 42
910 204 1265 1101 315 806 18
913 66 1139 78 139 10 0
912 551 360 1238 2185 574 1046 1572 424
2604 137 269 1004 273 190 1234 1311 101
2605 1716 517 3009 3811 513 58
2606 9 1967 1416
2607 342 591 115 448 32 601
2600 1795 3496 296
2601 134 417 396 1332 4063 1499
516 1 272 629 156
2603 116 1378 274 1832 2121 1354 1521 476 213
2608 15 568 1021 477 105 2632 3834 806 18
2609 1295 1610 1947 1197 58
1933 493 2207 808 489 14
1932 3086 3330 4033 3727 3800 815 2404 3155 3735
1931 1 1336 967 420
1930 232 3742 1896
1937 25 1514 1611 1916 529
1936 155 2097 717 385 248 434 43 33
1935 92 705 174 390
1934 968 1467 1000 139 10 125 505 135
1939 126 757 1247 281 10 125 13
1938 149 791 161 622 1189 52 4
1348 522 2828 246 563 1681 516 67
847 155 3751 3467 1060 826 172 444 304
846 37 1470 2225 638 558 43 33
845 114 89 340 249 52 4
844 405 301
843 187 1078 14
842 293 1062 32 1634 166
841 1 19 203 224 300 548 407
840 258 186 875 82
1426 2976 2601
849 1917 400 590 393 29
848 289 1615 39 208 658 4
459 96 930 287 279
1739 61 309 105 112 115 0
1738 1913 1959 1532
1731 38 2035 3221 2492 889 2136 1740 310 250 237 85 11
1730 405 3667 391 191
1733 3804 3966 3068 2737
1732 261 883 161 76
1735 182 2477 1108 821 3870 3645 977 81
1734 100 1764 95
1737 61 309 129 257
1736 117 1359 368 4008 3935 461 29
732 527 1053 280 983 1370 1097 363
796 15 568 816
753 787 1157 2073 2179
752 49 2534 81
751 25 782 601
750 1541 161 76
757 25 577 278 76
756 38 779 3780 1299 2220 1587
755 12 141 110 10 449 1067 445 18
754 26 71 55 160 1654 8
759 736 1482 2261 361 62
758 25 295 370 1549 728 17
3070 2 32 602 89 2080 215 97 70
1594 329 1106 534 233 83
1597 15 485 602 89 340 881 327
3073 352 1417 3531 4089
3074 106 733 459 83
3075 1112 2515 2773 318 135
1593 712 901 102 131 103
1592 25 782 219 1355 470 4
2954 261 546 3318 2598
2955 1677 3525
2956 3540 1441 397 704
2957 579 3534 1140
2950 765 813 495 614 462 119
1030 98 729 190 1081 835
2952 299 1548 278 565 375 4114 3211 265 780 297
2953 165 848 172 75 27
1025 91 298 217 2096 816
1024 20 322 47 443 227
1027 53 820 8
1026 53 132 348 1776 1298 1329 177
1021 1613 2867 220 823 1022
1020 527 715 955 814 406 798 179 14
1023 144 3781 813 495 398
1022 100 618 418 3852 1989 1364 21
502 26 64 512 27
1029 1 19 203 224 121 1085 2244 2003 118
1028 1849 4091
1037 153 310 250 237 85 2161 3200 265 780 297
1034 149 3576 851 939 1506 1693
1035 153 464 32 444 304
605 106 732 718 93 164 16
1212 414 799 603 1274 460 627
607 137 1030 823 2593 425 150 84
606 25 941 581 22
1209 20 411 183 76
1208 676 1408 4021 3347 356 47 11
603 98 1073 1050 798 749 29
631 165 397 159 94 210 151 59
1205 15 568 980 634 223
1204 1 273 190 1235 65
1207 34 415 3459 121 668 2239 158
1206 69 164 849 112 562 267
609 25 941 2095 267
1210 149 791 161 76
1203 37 1146 1656 77 343 267
1202 44 914 1380 1736 3626 2764 1986 2054 1991 172 75 665 197
633 185 2072 57 5
1216 258 864 287 48 0
635 698 346 307 455 417 704
3108 3665 3418 1095
3109 147 380 32 107 1220 111 17
3104 258 394 915
3105 167 80 1286 3444 1166 73 30
3106 325 1371 529
1215 15 485 347 95
3100 1633 1341 1509 1204 696 1007 68
3101 1633 1341 1509 1204 696 1007 278 2746 1688 2925 321 504 217 1543 350 1632 1371 529
3102 44 914 1380 2172
3103 116 319 368 3172 2246 585 559 528
1111 26 139 10 448 3843 4174 2233 1048 1729
1110 38 294 2116 489 632 509
1113 167 80 0
1444 137 2854 4080 3011 770
1115 87 1397 456 238
1114 60 178 507 980 798 749 29
1117 408 1059 50 88 146
1440 260 1690 872 222 131 103
1119 365 761 3573 58
1118 288 4041 1738 1313 1160 238
1506 126 757 4011 1426 67
467 66 3203 391 191
1449 2 40 599 178 507 73 30
1448 950 2677 1952 929 73 30
466 137 6 110 10 2368 3079 285 306 223
1357 228 1008 3823 970 205
460 126 3143 193 279
463 147 938 473 549 3768 3321 2981 198 395 1489 1497 86 412 229
489 299 2112 460 683 29
488 9 683 491 241
487 342 591 1126 497 112 115 0
486 419 401 490 158
485 1 273 1581 1651 363
484 123 532 32 444 304
483 26 64 436 804 751
482 652 1043 1439 423 191
481 230 345 645 8
480 231 198 395 1489 1497 86 412 3019 3988 3941 341 760 363
1564 69 903 481 2912 2165 2162
2898 61 2481 1861
2896 41 330 248 511 387 24 130
199 25 503 845 1132 1064 45
198 38 1169 4050 402 1141 205
195 128 222 131 1098 3611 2380 101
194 7 35 1833 984 120 308 166
197 1 273 190 821 264
196 594 2074 1212 477 21
191 7 35 762 1294 722 58
190 12 268 336 292 544 772 1427 118
193 245 1014 94 668 2238 516 67
192 46 55 160 57 5
2543 106 410 362 3594 948 471 81
1106 474 1121 1123 189 690 16
2541 214 115 1282 3765 2831 2048 109
2540 20 411 1461 1352 359 2133 1608 67
2547 61 942 761 789
2546 527 1329 1070 896 1742 1340
2545 214 157 347 1621 1774 1107 690 16
1455 167 80 1286 3445 86 412 229
2549 3404 2615 2275
2548 245 1494 373 1935 799 5
1456 53 440 1699 1215 35 251 747 1396 189 537 70
2381 364 341 760 468 1498 3455 2500 608 102 47 11
2380 1 24 226 1973 1228 1201 10 221 1586 1966 2461 1037 970 1134 454 175
2383 3458 3435 1700
2382 44 3092 174 124 6 16
2385 167 430 269 659 3652 62
2384 1191 431 653 6 16
2387 92 611 190 51
2386 144 3775 795 508
2389 9 553 78 1165 148 2703 4003
2388 127 674 6 194 883 62
1103 408 247 151 409 150 84
2769 113 1025 1221 1234 455 29
2768 522 2660 2253 1473 67
1452 493 2785 1482 4138
2763 188 1252 75 685 942 291 201
2762 149 3570 784 191
2761 258 947 431 420
1453 7 35 885 1205 666 1246
2767 122 936 39 208 111 17
2766 493 2205 3908 3102 890 4
2765 3004 3235 3796
2764 1784 421 648 267
902 1 1546 193 48 0
903 1988 1990 1444
900 2 438 1502 1527 67
901 28 382 1034 456 238
906 137 6 110 10 0
907 7 77 1272 207 378 6 16
904 34 415 708 829 82
905 144 1217 391 191
1843 9 895 560 242 169 5
1842 232 1163 687 543
1841 66 1679 1001 2400 190 592 210 8
1840 316 741 3248 1369 1054 166
1847 100 1897 3095 2971 1375 1231 227
1846 37 2514 2926 1414 1057 2840 1614
1845 651 313 499 915
1844 66 1679 1001 946 371 210 8
2169 41 919 602 560 173 115 0
2168 116 890 323 11
2165 2626 3045 181 203 849 36
2164 165 557 1681 3831 1587
2167 155 677 925 312 169 5
2166 365 1145 3640 700 19 323 11
2161 9 480 57 268 336 71 339 32 1634 166
2160 63 2022 2652 2129 893 159 27
2163 90 265 2047 1155 424
2162 218 764 1174 3523 1254 0
2617 419 536 389
2616 1 24 226 918 430 370 509
2615 2183 3906 4026 1757 277 140 42
2614 61 2482 504 156
2613 123 532 217 3579 1948
2612 2 439 769 667 140 3803 1609 434 43 33
2611 475 1534 2009 1574 844 732 130
2610 2 40 23 2034 1612 434 43 33
2619 15 1843 2217 580 8
2618 432 892 994 2789 2518 1198 79 65
1908 680 3167 1206 515
1909 3245 2634 1615 710 1393 213
1906 1 19 203 224 55 145 89 30
1907 232 1481 1020 1074 1196 18
1904 1 19 1402 660 206 6 224 963
1905 1148 3845 638 206 6 224 963
1902 239 484 996 1869 2409 4015 4047 834 687 543
1903 474 328 305 125 186 726 322 14
1900 1 19 748 2169 1995 2128 168 0
1901 15 1846 1503 1214 107 21
854 1649 3359 1700
855 419 2535 1053 320
856 433 1527 955 587 52 4
857 2 32 602 89 807 111 17
850 1112 3877 3057 259 108 11
851 63 326 314 3
852 289 2267 467 785 148 51
819 299 1214 75 27
858 20 740 808 3059 291 201
859 239 372 369 605 307 309 21
6 54 1232 996 281 10 0
2463 126 842 1382 552
616 527 715 955 814 45
740 127 172 347 524 168 0
741 2 343 355 1026 855 1079
742 34 912 184 2993 2002 170 253 42
743 2347 1523 480 361 62
744 114 373 1118 273 189 690 16
745 2 386 387 1546 610
746 114 373 1934 429 51
747 31 318 1403 1557 1278 1397 552
748 74 531 337 366 45
749 74 124 6 270 811 29
1799 60 479 1921 516 67
3063 122 663 50 2839 2986 1279 858 314 3353 3187 1873 4031 2385 1978 930 327
3062 474 641 1389 1820 1415 2929 2489 926 24 130
3061 765 813 3299 86 253 42
3060 822 1367 3050 2483 3701
3067 74 531 3190 3820 234 425 39 3
3066 1562 1356 3662 1511 528
3065 245 982 183 315 3740 317
3064 99 1573 462 500 876 19 4
2947 116 1378 466 930 1115 1583 135
2946 185 2281 1144 607 250 1175 278 76
3069 187 1130 491 241
3068 1613 2868 707 1159 389
2943 66 492 89 807 111 371 13
2942 625 839 435 71 55 455 234 788 135
2941 625 839 435 71 121 505 135
2940 7 77 589 996 1869 3657 4139 3940 428 1870 55 145 89 30
1050 153 464 217 670 3202 1049 130
1051 187 3160 391 191
1052 1993 2874 1140
1053 49 356 904 620
1054 12 268 953 384 151 544 772 1427 118
1055 28 154 176 47 443 1374 3170 667 3452 3394
1056 1 1753 4149 560 82
1057 1669 2863 514
1058 1701 327
1059 155 969 108 1262 1204 244
2917 1942 2148 571 109
1696 570 2106 1452 5
1697 20 1100 1160 238
1694 1 19 202 954 295 6 16
1695 245 2030 803 572 5
1692 7 77 40 43 33
1693 28 154 133 783 543
1690 1 19 202 954 295 370 956 763
1691 69 284 584 29
1791 15 235 599 478 837 8
1698 63 486 1247 281 10 0
1699 325 429 821 264
1278 567 2008 1321 794 619
1279 72 2405 1551
618 31 1373 933 1009 577 68
619 232 3342 1357 528
1270 66 1465 640 686 462 119
1271 218 1478 616 1173 959 393 29
1272 44 181 747 2883 1792 487 466 119
611 99 815 109
1274 99 679 220 103
1275 288 597 427 1334 644 1044 1878 1793 597 209
614 60 479 486 998 546 657 398
1277 2 343 267
1795 147 380 979 337 887 8
710 2135 2464 2162
3119 69 2948 2734 2455 934 595 59
3118 713 193 48 350 4119 24 130
3117 4122 1385
3116 625 530 907 853 130
3115 2 343 536 132 108 11
3114 63 2022 175
3113 20 411 491 674 85 526 168 1282 3696 3990 1135 173 3864 962 2257 1384 259 220 3938 2448 1926 319 367 333
3112 458 483 4113 1978 259 5
3111 72 452 604 1171 97 70
3110 46 121 394 1964 1042 747 555 174 349 824 121 13
1472 46 339 3840 888
1473 54 1597 768 572 5
1470 518 1345
1471 426 2064 403
1476 53 1598 1181 1124 1609 1498 1518 2216 75 79 335 36
1477 171 1309 1069 3698 3815 237 22
1474 9 683 417 612 1855 1248 1219 179 14
1475 60 178 2103 278 76
1478 493 2207 808 489 1409 841 695
1479 414 3649 2815 791 62
1304 1 1336 967 168 0
1305 91 298 32 107 21
1306 518 1779 108 11
1307 570 1375 1592 420
1300 15 568 1582 397 159 27
1301 3807 3128 3627 3885 3020
1302 239 413 392 633 93 255 311
1303 1 24 226 918 1196 595 544 8
1308 1 24 357 569 124 6 16
1309 1657 3606
498 236 828 79 335 36
499 245 3378 524 168 0
494 1722 3063 62
495 230 345 1244 276 519 1925 23 3
496 12 268 336 64 436 960 120 308 166
497 117 1424 274 565 375 244
490 765 813 496 1166 73 30
491 123 532 32 444 2334 2519 529
492 116 889 770
493 147 664 1375 1592 420
24 54 986 23 3
25 182 312 169 220 103
26 214 157 246 418 1585 36
27 579 1568 1419
20 182 312 1176 616 1172 1468 581 22
21 1575 1323 75 27
22 1562 542 143
23 3238
927 28 242 427 838 2089 1062 216 22
28 63 1428 696 1254 0
29 1 273 189 690 224 121 13
1703 2430 4159 2956
1705 7 77 40 1009 295 269 70
1709 12 268 953 513 58
1600 245 4125 1280 280 263
7 126 375 244
2288 1 24 1333 1938
2289 96 501 421 10 0
2280 187 1130 1905 965
2281 106 251 323 600 515
2282 106 735 516 974 2052 317
2283 228 1253 2257 280 263
2284 187 1364 129 10 0
2285 128 2391 391 191
2286 155 1567 838 3551 3960 661 422
2287 7 77 40 599 894 1119
954 44 914 476 213
2578 4040 3272 3247
2579 3709 3357 3292
2576 2421 1817
2577 3544 4012
2574 4162 2346
2575 128 2389 1861
2572 12 303 777 82
2573 997 1430
2570 149 3577 2793 285 306 399 354
2571 822 1824
2395 1084 4082 3863 2436 910 211 142
2378 114 373 638 1438 866 205
2379 31 163 1307 1764 1005 1558 1631 164 270 436 101
2374 2038 4092 4005 3508 2283 1739 142
2375 232 1495 1271 898 425 150 84
2376 153 310 394 50 88 1092 136 22
2377 90 520 721 183 76
2370 28 242 427 838 1537 168 449 197
2371 44 490 596 111 1885 548 872 704
2372 28 154 133 79 1172 10 0
2373 44 490 596 111 1885 548 274 623 704
2594 3772 3757 910 211 142
2595 100 2111 1571 2152 595 59
2596 7 77 386 1021 1283 530 118
2597 56 176 47 3983 1431
2590 99 2158 716 13
2591 1148 344 382 2935
2592 723 1743 1553 121 250 237 6 16
2593 31 318 2476 576 3365 3412 157 601
2598 90 282 533 3999 4061 2234 403
2599 7 35 410 1792 326 552
1876 218 1583 135
1877 204 4132 3873 2081 484 18
1874 153 404 308 328 390
1875 1315 3072 3411 81
1872 25 1516 267
1873 144 810 291 201
1870 3925 2873 1909
1871 3899 3586 3
600 921 3151 538 865 1251 17
1083 332 207 48 125 13
1878 87 482 104 335 36
1879 260 2426 1840
977 127 2139 2036 424
976 196 451 918 80 125 13
975 54 985 313 1167 2043 805
974 801 1151 1567 462 499 50 88 146
973 185 667 1842 1984 1741 101
972 72 614 826 241
971 38 573 2353 136 370 509
970 38 1169 4066
596 91 120 271 1253 3487 1287 21
979 127 673 769 3503 642 240
978 113 1661 769 943 21
182 922 2249 2927 1630 1186 109
183 260 2140 158
180 114 89 340 881 327
181 3403 3957 3536
186 1 24 357 1161 93 47 11
187 96 259 603 192
184 243 170 446 566
185 1 24 226 1973 1228 118
2110 31 1090 1156 495 488 878 359 280 263
2111 114 373 1118 272 253 2146 1372 52 4
2112 54 1597 768 572 1267 1828
2113 128 2914 2348 537 777 173 115 0
2114 3366 3463 789
2115 329 1398 1243
2116 3407 3678 2647
2117 2 439 3655 1157 893 159 27
2622 31 163 353 752 469 873 684
2623 230 345 3114 940
2620 299 1214 219 498 1944 891 201
2621 230 1227 1686 158
2626 20 321 1842 2235 890 4
2627 31 227
2624 100 618 418 263
2625 74 349 497 720 176 14
2628 1719 2050 2454 58
2629 72 1296 150 84
1919 494 3391 3978 222 164 270 514
1918 54 2552 1543 0
1911 49 356 14
1910 37 1470 2227 83
1913 997 636 1929 1732 264
1912 593 843 211 1929 1732 264
1915 113 1024 3528 3196
1914 28 173 157 107 21
1917 228 95
1916 535 1794 1266 348 865 52 4
869 408 1775 141 110 136 85 1262 1958
868 342 2195 351 724 434 2255 618 29
189 2 439 768 1233 39 3
861 7 35 917 2676 1105 1209 267
860 1 19 202 956 1143 177
863 137 1030 2206 572 5
862 138 916 583 237 269 70
865 28 173 157 1605 383
864 204 4127 1767
867 116 1377 517 906 1937 1080 978
866 204 1265 2818 965
2024 3483 2005 1969 1061 1433 946 17
2757 9 742 803 1813 45
2026 723 2551 1231 887 151 59
2755 9 252 94 210 151 472 109
2020 144 512 783 860 484 18
2753 87 1396 697 1508 943 21
2022 28 154 721 183 315 674 1030 103
2751 239 372 22
3144 1784 421 10 0
2028 3846 1474 416 1399 3986 1920
2029 1113 3184 205
2758 9 742 804 751
2759 72 1297 1999 3933 580 8
883 765 813 2001 1483 511 1225 83
882 54 819 22
881 167 80 125 668 4042 213
880 7 35 1088 2242 1297 8
887 66 1464 1760 3220 889 770
886 49 1326 1154 2254 93 14
885 49 461 491 241
884 90 265 169 603 192
889 147 380 32 107 225 881 327
888 231 468 172 219 379
2824 126 374 253 42
3149 1912 2303 3136 2675
1503 432 1858 1293 1001 946 17
775 922 1256 1060 161 76
774 72 706 1328 229
777 1185 1667 2182 1805 461 29
776 12 108 1011 2067 435 71 121 13
771 199 184 905 1421 43 33
770 171 454 175
773 419 401 490 998 547 876 19 4
772 2797
779 31 163 924 1135 154 133 783 543
778 289 1266 827 2362 1058 150 84
77 426 1525 1366 156
76 98 469 542 143
2978 9 1390 3552 1128 1010 2213 1457 277 94 13
74 2821 3236 2083 3904 3232 3828 2610 3708 2747 4074 1941
73 2728
72 49 356 47 11
3058 1536 280 983 472 109
70 54 2208 1021 1283 839 67
3056 196 707 1474 416 104 65
3057 1796 954 238
3054 137 2383 1580 86 900 835
3055 98 729 1222 320
2976 3581 3679 1288
3053 7 35 762 1294 775 223
3050 113 1024 3521 2019 119
3051 551 360 856 1881 259 5
1043 74 349 497 36
1042 117 1424 274 622 500 1800 1041
1041 1504 2563 1444
1040 74 349 497 720 1054 559 2544 1003 1126 637 976 640 132 5
1047 316 783 3625 1089
1046 9 742 803 1082
1045 1 19 203 194 545 1245 1750
1044 652 1043 1439 423 346 0
1049 100 2581 1342 58
1048 3518 3349
1681 3993 2621 2288
3027 114 3776 273 516 435 3
1683 15 1091 1347 77 40 43 33
1682 106 624 1628 1492
1685 49 1052 1620 4140 1123 517 1552 36
1684 100 2943 1982 1936 825 436 101
1687 113 2316 911 50 1868 2779 1377 190 51
1686 1148 387 19 747 555 130
1689 1 1401 1099 407
1688 1 273 189 1910 2068 13
2981 37 195 687 860 1423 2273 4
1269 676 1108 1235 65
2980 551 2602 2153 109
669 204 834 2198 633 1862 4084 3088 1830 1451 169 220 1762 1709 1614
668 155 677 8
608 408 1059 50 88 2761 2254 252 27
1262 106 917 1071 302 702 65
665 258 394 50 88 146
664 149 1193 616 335 1727 3230 977 81
663 56 1066 341 1363 1270
662 155 972 150 84
661 196 451 1290 286 104 65
3022 69 164 110 136 1032 1083 301
3021 37 195 1236 966 32 246 29
3020 475 1535 1511 564 415 105 312 209
3128 91 958 624 3024 2571 36
3129 122 2048 1425 683 417 612 2799 2231 14
3122 15 1843 2215 1596 444 304
3123 1 1335 459 519 346 448 385 68
3120 299 1213 670 338
3121 61 1047 442 378 22
3126 342 591 3173 317
3127 680 1963 2487 1491 1235 65
3124 196 109
3125 26 208 853 718 895 560 82
1469 56 133 27
1468 20 585 559 528
1465 1636 4164 2291 2557 2701 699 47 1261 1772 209
520 494 1154 3713 1187 1087 2155 1003 115 0
1467 49 2536 761 789
1466 1 19 283 1606 298 40 43 33
1461 56 721 418 263
1460 2 1272 207 48 221 264
1463 134 183 315 673 3290 1976 371 13
521 61 271 830 318 1406 21
1317 182 112 562 2537 2804 577 1766 684
1316 46 121 13
1315 261 1370 297
1314 41 919 602 560 82
1313 34 928 233 1818 3401 101
1312 243 170 913 510 13
1311 165 1038 571 1425 200 21
1310 680 1626 189 1446 688 413 0
1319 37 650 1639 1725 292 544 772 1427 118
1318 28 173 1588 2094 695
2460 90 520 987 442 279
1010 147 574 145 233 83
464 44 3554 2678 791 62
529 9 2841 383
319 185 1526 328 390
318 92 450 254 841 23 3
313 114 3127 3159 345 1961 162
312 1 19 202 336 71 381 1094 689 30
311 652 1303 683 183 76
310 1555 1048 1314 508
317 66 1682 360 162
316 99 679 303 660 656 0
315 44 416 901 455 29
314 63 326 550 384 8
2756 155 3867 4076 2177 140 42
2025 329 743 290 388
2754 1715 552
1335 652 1043 1938
2027 3282 3683
1334 25 3887 1269
2752 3258 2517 2059
1337 56 133 2184 1230 84
2021 149 2092 3168 1983 1111 23 3
1336 1504 1866 1943 957 640 989 2813 4128 3789 1483 1210 931 2472 4096 2983 1418
2750 3532 2658
1331 63 487 466 500 406 240
2023 432 1565 993 1164 6 16
1330 713 193 48 1674 3741 606 1046 1572 424
2320 214 157 2264 1002 764 3746 0
1333 12 108 526 1091 1782 430 85 11
444 37 1472 645 8
2324 868 2023 211 142
405 66 1142 183 76
2461 91 298 2178 949
2299 92 1289 696 3494 805
2298 61 145 642 634 39 3
2293 126 3139 407
2292 127 172 1635 1561 1089
2291 3937 2733 3117 1385
2290 152 1755 1702 157 246 418 1585 312 209
2297 289 1270
2296 61 1313 1158 2829 2612 302 738 510 13
2295 53 132 603 192
2294 149 580 2000 4054 3676 1117 5
2982 31 163 1307 861 960 298 156
2569 153 464 40 4088 3832 1659 68
2568 567 539 501 8
2561 196 707 1159 1599 1962 3682
2560 91 298 217 581 22
2563 426 1525 1234 942 291 201
2562 41 377 344 809 1641 744 406 798 179 14
2565 1 24 226 1290 753 4
1615 7 77 40 525 513 431 653 6 194 59
2567 25 2051 1063 180 27
2566 74 349 497 465 1864 213
908 123 532 32 219 78 3
1521 261 472 1685 896 461 417 222 47 11
2369 261 621 1403 2125 1304
2368 199 3345 1136 206 85 11
2367 46 121 609 1097 363
2366 20 740 383
2365 20 740 3750 285 186 876 272 899 197
2364 199 78 71 300 548 275 290 388
2363 2964 3961 3558
2362 2967 3567 4020
2361 239 1423 2274 275 290 2188 1233 39 3
2360 441 2864 337 366 45
2587 288 2018 1467 1248 814 406 634 39 3
2586 182 112 1595 1643 629 589 18
2585 1 19 1402 660 1438 866 205
2584 474 641 1389 2699
2583 66 1682 361 62
2582 441 378 1395 3519 1501 637 975 78 3
2581 441 378 1395 1750
2580 236 1577 131 688 413 0
1612 147 938 410 175
2589 1 272 104 1507 215 284 301
2588 2 40 1260 729 190 1081 832 558 1627 3604 3752 377 344 809 1642 1104 275 290 388
1861 49 461 183 76
1860 41 136 1032 1368 311
1863 204 1264 999 838 143
1862 2 40 525 1218 39 3
1865 123 608 102 97 777 82
1864 155 677 925 1727 3206 606 1312 988
1867 3237 3278 389
1866 34 180 79 502 547 878 359 893 159 27
1869 28 173 3850 400 978
1868 49 1579 1517 885 1206 515
964 12 141 110 10 845 1132 764 1174 949
965 61 3499 1808 2932 320
966 185 699 47 1261 1772 209
967 2124 1095
960 56 1758 233 519 346 0
961 44 416 899 197
962 87 1338 1381 4
963 204 1264 999 1616 263
401 493 2205 988
968 2202 2211
969 12 268 336 64 811 29
2109 66 1974 1144 607 186 45
2108 106 548 724 241
2103 87 481 4
2102 1113 3182 1116 960 1556 609 2810 3889 926 24 130
2101 56 2589 2704 2177 27
2100 69 902 1083 301
2107 54 819 1030 990 944 1137 3958 1603 2099
2106 2786 3125 229
2105 92 1034 314 139 330 68
2104 114 212
30 243 170 1886 1668 143
2639 31 1162 1115 722 58
2638 3385 2308 200 105 36
2635 2639 2851 3774
400 475 3530 1000 139 648 267
2637 2468
2636 3748
2631 98 469 873 684
2630 126 561 254 192
2633 2709
2632 2 343 460 480 57 108 11
1537 126 2182 1071 1589
636 7 35 473 1087 178 80 0
1611 117 86 412 633 200 21
878 127 673 769 944 29
879 144 215 131 2206 2691 891 201
876 2433
877 997 636 142
874 106 884 368 158
875 12 836 1257 1836 23 3
872 152 4045 1841 643 459 83
873 116 319 368 4006 3980 1127 1017 95
870 3112 2012
871 113 840 1224 558 43 613 1410 94 13
2037 245 2261 3032 3588 2209 164 194 59
2740 38 294 1200 80 125 1186 847 124 6 16
2743 87 1104 872 222 14
3091 15 235 525 2158 162
2033 1476 2127 1529
2744 1153 2637 2061
2031 1429 1578 3969 2876 843 211 142
2030 1429 1578 1914 2027 636 142
9 2403
3096 34 1931 795 80 0
2039 1055 2558 510 210 8
1532 99 3787 1551
890 228 1620 2046 440 353 33
891 541 43 613 1899 81
892 2 32 347 95
893 147 575 13
894 232 1495 1271 898 500 45
1531 2959 3995
896 98 628 357 1490
897 1 19 203 224 55 1313 78 3
898 106 473 314 208 3360 610
899 258 2351 2292 4002 1621 2625
3095 822 3027 1400
649 527 3928 1301 82
1247 91 120 1047 1002 1150 151 59
648 15 235 599 478 1615 223
641 419 402 256 727 1447 770
1616 342 1601 936 39 2034 1612 2138 3950 743 375 244
1617 25 941 1195 888
1614 414 3653 1115 1477 62
2965 236 1577 97 70
2964 61 457 383
2967 96 1167 1513
769 231 198 612 81
2961 126 561 283 688 413 0
2960 37 3226 3874 3119 653 22
2963 1992 2053 1946 480 361 62
2962 134 234 930 327
1780 9 683 417 159 94 505 135
763 652 1303 252 79 65
1782 1188 687 543
1783 60 894 774 57 5
2969 26 64 215 97 70
2968 541 694 700 272 104 65
1786 74 305 350 831 240
1787 185 3497 379
3049 167 80 392 633 93 14
3048 72 1296 353 1422 195 51
1962 127 806 18
3041 87 555 617 132 603 192
3040 15 767 401 3094 1737 574 309 21
3043 28 382 1034 456 295 22
3042 37 1470 2225 638 558 43 752 728 17
3045 441 48 1675 1984 461 29
3044 91 298 156
3047 289 1458 826 241
3046 2 343 355 531 337 227
1078 293 844 410 175
1079 117 86 1883 2006 277 140 42
1076 54 819 369 1660 1168 1297 8
1077 316 576 1566 102 131 103
1074 20 477 708 829 82
1075 541 23 64 810 291 898 425 150 84
1072 99 384 772 959 1287 21
1073 152 358 526 168 738 2057
1070 1992 3454 1279 24 357 569 305 350 835
1071 188 2056 3954 2498 384 8
1678 2 439 768 1233 39 71 963
1679 1263 1637 1114 312 937 45
1674 518 2623 276 1818 2041 184 33
1675 171 111 913 966 216 6 16
1676 46 381 582 435 3382 1152 170 104 335 312 209
1677 334 1204 1012 3644 1841 1127 1017 95
1670 31 2749 847 124 370 509
1671 12 141 110 10 221 1593 139 330 278 623 159 27
1672 258 578 220 103
1673 1055 716 13
1094 494 1154 1821
1095 46 55 102 632 2113 2942 89 30
1096 92 705 174 1276 1644 1713 415 105 36
1097 99 513 431 3252 1518 3948 1544 496 1166 73 30
678 232 1228 118
679 116 1847 2270 21
1092 15 1748 3286 10 392 1412 132 5
1093 123 447 1086 423 346 307 1311 101
674 3149 1953 2082
675 26 71 121 609 297
676 527 715 2150 539 571 109
677 414 800 151 1825 1459 1683 370 1199 265 780 297
1098 149 3571 2186 133 27
1099 9 1390 1360 2588 1559 943 105 1783 2783 356 47 1261 2613 176 14
672 1541 161 315 673 923
673 49 356 131 823 1277 1036 524 235 1010 265 209
3135 25 639 387 19 323 2161 3052 3276 4108 3471
3134 15 1748 637 812 361 62
3137 87 482 104 335 112 157 219 78 3
3136 365 1145 1317 295 6 16
3131 2312 2473 1821
3130 426 3484 2923 191
3133 196 451 1449 35 762 193 1405 355 124 6 2419 3847 1666 397 159 94 2076 422
3132 171 852 190 51
3139 113 2315 2274 466 501 925 36
3138 12 836 1257 378 6 16
645 2975 3745 1623
1418 518 1060 161 76
1419 419 402 918 80 703 1469 17
1410 31 1374 1454 1111 23 3
1411 167 80 350 832 1438 866 205
1412 63 486 521 136 6 194 59
1413 34 180 79 502 547 1800 1041
1414 74 305 846 543
1415 1153 1863 2877 423 191
1416 25 639 1622 380 589 18
1417 231 198 2392 1561 1838 3715 3034
1322 153 404 102 97 70
1323 66 1463 1179 1908 305 0
1320 56 987 1482 1014 79 502 59
1321 9 895 1949 321 1517 251 630 311
1326 1 19 202 336 292 1370 297
1327 31 2754 2014 3605 3732
1324 114 89 1211 339 40 43 33
1325 171 2459 1206 977 81
1328 188 1007 278 76
1329 66 1463 783 1939 1304
2494 12 141 110 10 1286 1178 492 212
656 1 24 357 569 305 350 831 240
647 419 402 256 727 1447 2884 1444
1620 669 1656 285 306 223
1256 458 202 1199 282 554 17
1525 41 330 248 3737 2142 523 450 4
1526 635 773 278 76
1527 1443 1440 1300 1208 382 1035 1713 415 105 36
1520 99 679 303 70
1253 90 520 2643 1807 2522 2105 2922 2727
1522 66 1465 1121 1123 516 67
1251 25 577 1350 2179
1528 100 1110 225 409 1997 2196 398
1529 325 429 1236 966 216 6 16
1258 3115 1920
1259 3240 3582 506
308 3368 42
309 3705 3633
300 3881 2583 11
301 72 452 108 11
302 2597 3473
303 4032
304 38 931 1707 39 3
305 113 1320 670 338
306 153 310 250 237 85 11
307 15 1091 1348 326 550 384 8
75 2611
2979 342 591 157 107 225 409 150 84
2399 9 818 4057 606 296
71 3647 3228
3059 2780 3686
2475 128 1292 1318 985 68
2972 1018 2716 629 32 601
989 185 2069 81
2973 3408 2731 2595 566
2970 188 1252 1605 973 753 4
2971 15 235 23 71 381 1094 689 30
3052 329 898 259 108 11
1105 12 909 1259 452 348 247 8
2977 100 1337 47 526 1845 794 619
79 34 180 685 102 903 482 412 229
78 60 178 507 73 1211 381 797 177
2773 49 356 131 823 1667 374 17
2479 199 3350 2008 1321 794 619
2478 56 540 21
114 34 180 79 3425 3816 208 852 2173 1301 82
2358 2702 2846 36
2359 15 568 1224 2007 855 1079
2352 682 2042 973 3028 1383 17
2353 100 618 1646 1281 93 14
2350 31 2753 3634 1708 8
2351 61 102 1760 3219 1193 162
2356 20 477 21
2357 9 200 21
2354 41 919 219 379
2355 567 539 259 220 2223 2499 282 533 158
2991 100 1411 839 1568 861 101
112 786 880 856 1671 2175 310 250 237 85 11
1898 26 71 55 309 129 2467 768 1082
1899 152 538 865 52 4
1894 1188 592 13
1895 494 428 2861 2265 233 83
1896 723 1745 1441 848 172 75 27
1897 72 488 467 340 249 52 4
1890 9 93 902 731 605 0
1891 60 178 2104 2096 344 82
1892 2 32 602 89 30
1893 2765 3982 3733 2251
2136 128 534 233 83
2137 54 985 313 1167 935 1203
2134 334 1731 745 1590 2052 317
2135 494 105 112 1129 1432 399 354
2132 230 1227 1686 521 649 1627 1966 2462 434 43 752 470 4
2133 493 1237 233 83
2130 106 917 1071 1589
1680 147 380 32 107 709 148 51
951 69 164 194 409 710 1073 1050 240
950 26 292 883 161 76
953 54 2189 3233 987 1002 2653 1251 17
952 332 207 378 6 16
955 92 554 913 1564 1469 17
1267 114 89 807 111 17
957 352 750 3691 1102
956 87 1877 193 737 68
477 236 681 453 514
2648 787 2237 1975 58
1102 28 242 3440 935 1203
2993 458 630 1059 1133 880 716 13
2640 1691 2434 3549 3589 2825
2641 1 19 1888 731 840 73 30
2642 2794 2365 2915
2643 2040 2698 509
2644 1018 2013 1451 169 1016 1338 1383 17
2645 1018 2013 3171 2984 3697 3381 3016 1338 1383 17
2646 31 318 2916 1121 181 323 11
2647 26 208 1309 724 241
2994 698 3039 866 205
2002 364 341 1076 1923 1117 141 16
2003 652 2529 3724 3320 3093 343 536 132 108 11
2000 152 358 526 168 221 1593 64 215 47 11
2001 288 597 427 1334 644 1044 1878 1793 1249
2006 1954 3076 2210
2007 204 2263 952 3303 1142 563 1131
2004 38 573 1648 55 145 89 30
2005 20 411 491 674 85 600 828 27
2008 332 2010 701 873 684
2009 96 1189 52 4
506 7 35 1088 2242 614 62
61 127 673 923
2852 1563 4157
1268 15 235 599 178 80 0
507 15 235 694 376 575 609 1379 205
1263 15 420
666 1149 595 1937 1080 981 1501 996 3334
717 38 779 3777 154 176 131 103
919 243 1520 174 124 22
2997 149 2191 891 201
1261 405 1180 1253 945
918 15 1093 2132 1519 78 3
2910 49 1579 1229 1957 1014 94 505 135
2911 2642 1607 319 367 333
2912 693 1900 216 22
1260 144 976 640 686 62
2914 91 120 308 1120 569 305 0
2915 1 24 226 1290 326 550 384 8
719 1191 431 485 601
718 1479 1221 2199 410 175
2918 1942 2148 571 1039 820 3302 3808 3854
1792 26 292 547 276 83
715 20 322 284 1180 1008 515
1790 63 487 466 501 8
713 91 120 271 524 420
712 41 136 6 849 36
711 44 181 254 1023 317
1794 46 55 1046 813 495 488 45
1265 134 29
716 2 32 246 183 622 119
505 96 571 1039 820 8
660 7 35 733 1322 3308 962 1525 51
2178 2 32 246 234 501 151 59
1069 53 989 1803 938 886
1068 1917 400 345 645 151 59
2179 2 32 246 234 425 39 3
1061 593 1288
1060 2820
1063 441 48 221 1594 1473 67
1062 113 445 18
1065 635 656 702 502 546 422
1064 2124 3361 528
1067 635 206 6 110 10 0
1066 49 356 131 990 944 563 374 17
3023 12 4148 3218 1264 999 1616 263
1669 4133 2374 2456 112 1595 1643 371 13
1668 127 434 43 33
1667 26 208 111 371 13
1666 182 112 1595 1643 371 13
1665 316 781 1013 242 1177 421 377 73 785 148 51
1664 72 452 604 1171 97 659 240
1663 2079 1695 2098 1763
1662 551 360 162
1661 289 1458 1334 757 158
1660 72 1040 50 88 1092 10 0
591 405 671 225 249 52 4
590 1084 4090 2674 36
1085 138 700 857 362 508
592 41 377 344 809 1642 1104 275 290 388
595 37 195 1234 309 105 2633 2805
594 408 247 3297 3387
597 49 1326 708 829 82
1080 1 19 202 336 64 215 164 16
599 786 1882 287 279
598 127 434 43 752 470 4
1089 7 35 733 2156 429 51
1088 433 2290 1617 148 51
3140 968 1466 1316 486 266 112 1126 18
3141 138 1136 206 1678 802 94 668 692
714 458 203 270 512 94 668 692
3143 2757 2447 1496 1119
2828 9 553 1355 1806 476 213
3145 3177 4136
3146 214 157 75 27
3147 625 530 907 3764 3162 533 3902 2979 1242 317
3148 92 351 274 565 375 244
2825 1650 1625 306 150 3945 4168 301
2826 260 1456 1856 2168 2605 3373 3476 926 24 130
2827 171 111 2907 2235 1844 2157
2820 134 563 561 283 103
2821 1 24 1331 1361 1343 5
2822 137 2163 1703 176 97 70
2823 66 3723 105 112 115 0
2602 316 94 3514 3338 1415 631 301
1409 26 71 55 160 57 5
1408 1 1754 1591 1056 247 8
426 408 744 875 382 351 872 704
1403 231 198 612 2798 2555 0
1402 1202 148 730 197
1401 786 1882 287 378 22
1400 138 647 321 94 13
1407 3062 1604 4067 1492
1406 2 438 1502 817 358 11
1405 61 160 361 2576 1819 471 81
1404 997 636 211 142
1546 25 1514 18
449 26 1165 1919 1231 227
448 364 341 760 879 119
1339 3836 2417 3916
1338 113 1320 793 18
1491 144 975 78 3
693 122 663 50 1867 115 0
443 12 836 4071 701 873 684
442 9 200 105 112 562 460 200 21
441 316 504 32 601
440 3827
447 365 291 201
446 3116 3903 1114 465 450 4
445 9 200 105 36
1332 15 568 1021 1387 95
501 9 2842 1280 320
1545 289 2267 276 83
696 2087 1896
1631 123 607 210 771 812 57 5
1543 134 1462 3673 3037 869 1318 1232 18
39 91 120 271 95
38 113 1024 949
694 1476 962 666 1246
33 3131
32 334 2504 3590
31 152 538 1061 287 48 221 264
695 46 121 186 276 83
37 2 386 1622 664 2106 645 8
36 117 1359 476 213
35 2656
34 2700
1241 712 371 394 1133 572 5
3093 87 481 483 2258 2493 580 8
643 669 2294 753 4
1534 968 1466 1316 1924 967 653 370 509
1245 66 492 756 3309 1607 319 367 333
1244 419 460 480 361 62
3094 38 294 1550 326 1887 195 51
1246 44 490 596 615
1249 261 544 1488 992
1248 54 819 85 11
3098 185 2069 3251 3596
3099 128 2393 4143 3288 3110 93 902 1828
1539 91 298 3837 317
1538 123 608 160 57 5
339 91 958 735 189 358 11
338 7 35 762 193 279
335 2 1272 964 764 1174 949
334 2201 2584 2891 1817
337 187 277 576 510 668 1251 17
336 113 2322 573 1273
331 682 3405 3090 4151 154 540 708 2246 739
330 1 24 226 564 180 27
333 245 982 1462 1319 180 685 160 862 710 1365
332 833 1977 3669 2767
1633 218 1478 3943 1192 572 5
2062 113 1275 75 2058 4039 4129 485 107 105 36
2118 2740 2880 703 885 2970 1866 1943 957 166
934 228 1255 1560 1062 40 43 33
1533 72 1040 3165 1491 51
8 49 1505 233 83
1464 114 373 1118 272 253 42
2119 7 35 410 362 2103 278 565 374 17
2542 20 2604 291 1105 3479 948 471 81
2064 2758
1636 165 557 644 456 1421 23 3
1462 9 1390 1360 869 3227 3390 133 685 309 453 514
2065 46 339 216 85 11
152 2445 4163 150 84
2345 433 817 537 2031 340 249 52 4
2344 332 2010 701 725 991 118
2347 231 198 222 164 16
2346 723 1745 1441 848 2141 1644 1791 198 396 3003 354
2341 4103 2452 2318 3002 674 22
2340 44 1122 193 1405 355 124 6 16
2343 2 386 387 272 253 42
2342 117 1812 549 324 1573 62
2349 9 818 1621 1774 1108 592 13
2348 41 3224 637 215 1898 1327 67
1350 116 319 1382 314 139 10 0
1889 2 32 1635 1559 699 14
1888 106 251 631 584 759 143
1887 117 86 746 1939 2140 158
1886 116 1376 549 33
1885 2 40 599 479 753 323 11
1884 551 1768 109
1883 99 679 220 990 2070 973 286 17
1882 199 1158 178 507 73 30
1881 152 4013 1327 2951 763
1880 408 744 877 655
2121 3294 11
2120 106 734 825 262 21
2123 331 107 129 136 22
2122 31 163 150 84
2125 74 1026 401 416 17
2124 54 986 23 3358 2608 2310 1187 314 3
948 801 1152 2060
949 7 35 3505 3456 2410 212
946 243 170 446 2885 1484 282 1035 175
2128 20 1100 379
944 127 511 73 785 148 51
1084 74 2325 344 154 176 14
942 331 219 498 3793 933 23 3
943 149 791 161 622 1189 52 631 3077 360 162
940 2 32 219 1355 470 4
941 31 163 850 539 662 940
2410 232 2015 538 719 150 84
2659 61 308 166
2658 2037 1560 3080 2824
642 626 960 298 156
2653 1185 3912 1610 3987 858 552
2652 87 481 483 4115 2131 836 4069 1519 379
2651 231 468 172 219 3343 195 51
2650 1475 1996 1710 1718 205
2657 3516 1901
2656 60 178 507 816
2655 365 1144 447 1972 1017 95
2654 44 181 630 247 1998 111 17
133 187 1078 164 16
132 1125 4141 3895
131 116 889 2136 1740 310 250 237 85 11
130 786 880 856 1880
137 626 804 751
136 288 523 533 596 1310 984 120 457 971 1249
135 20 321 504 217 1543 0
134 26 64 512 79 65
139 128 395 129 257
138 2423 2924
410 243 4030 423 191
1354 2282 2715
2019 2 438 1077 86 412 229
2018 293 844 251 254 192
2015 25 639 1622 380 589 637 512 94 13
2014 20 321 665 1786 1061 1433 946 17
2017 12 268 953 678 50 88 146
2016 185 4155 442 279
2011 1315 3314 1369 1797
2010 28 173 1588 793 637 3783 1816
2013 53 3891 784 2953 2965 2394 2059
2012 38 294 2214 77 40 43 33
158 293 1029 864 287 279
2926 3101 1894 2028 404 145 212
3034 3146 3997 1051
2903 60 478 1266 5
2902 91 3067 2110 1207 1260 628 130
2901 682 1414 902 1083 1180 1008 515
2900 1149 497 112 115 449 1067 445 18
2907 441 48 702 1172 3216 1569 1673
2906 868 3163 3524 2899 2486 1095
2905 801 1151 972 39 3
2904 3962 2428
704 20 411 563 374 371 13
705 1575 1349 695
2909 69 284 671 1220 853 617 389
2908 1 463 725 995 4058 3205
700 116 319 2809 1801
701 2135 2463 3319 840 387 24 718 553 78 292 621 135
702 204 834 730 197
703 593 843 211 142
88 100 618 491 241
89 232 1163 1081 1013 154 2650 379
82 475 2546 2772 2349 1023 317
83 1 24 226 564 489 255 311
80 38 294 1200 80 125 13
81 69 255 311
86 228 1005 2126 1064 45
87 204 1600 955 437
84 243 2889 1222 1860 143
85 239 484 18
3036 137 6 224 55 102 97 70
762 2345 3229 3040 2697 754
1658 41 10 738 510 1085 891 201
1659 1988 1990 1349 525 678 50 88 146
2487 60 178 507 4120 3677 2378 615
1652 44 416 746 1542 699 14
1653 153 464 217 2095 460 93 14
1650 414 799 303 659 799 1267 1083 671 225 59
1651 2490 4093
1656 38 1169 3430 1226 1190 118
1657 12 909 1580 1812 550 437
1654 1 272 913 966 386 73 30
1655 61 145 642 634 399 354
586 165 397 396 184 33
587 1084 2251
584 2 438 1503 586 0
585 28 173 562 536 440 39 71 121 13
582 34 774 57 141 16
583 116 319 367 333
580 12 909 2170 1565 993 1164 269 70
581 38 294 2214 77 40 43 324 587 52 4
1984 669 3592 3527 1140
588 1913 1959 1317 238
589 116 1847 4154 140 42
3153 99 3802 1459 2408
3152 1 24 226 256 468 1209 355 124 6 16
3151 12 827 620
3150 7 285 578 141 110 10 0
3157 91 120 457 971 1249
3156 334 1450 2156 2091 2663 124 6 16
3155 12 827 2363 3023 2026 18
2838 199 2016 2941 2684 209
2837 12 141 110 136 6 16
2836 38 779 2159 558 43 33
3159 1 273 189 690 16
3158 408 744 877 3298 3457 4068 2475 3392 3989 987 1618
2833 522 2855 267
2832 493 2262 862 150 3480 2985 3965 2053 1945 2988 3622 1054 1120 1161 818 95
2831 152 403
2830 100 1337 97 2031 340 249 52 4
1436 475 1534 3323 270 1570 1416
1437 122 663 50 2852 3833 499 50 88 146
1434 527 2554 1617 959 393 29
1435 137 6 194 882 162
1432 87 2879 1804 1096 672 227
1433 228 1255 1445
1430 46 121 609 2792 1924 213
1431 44 951 967 168 0
418 60 479 753 202 1549 728 17
1637 117 86 746 860 484 18
1438 37 650 1271 898 571 109
1439 41 920 573 1273
3031 188 1252 444 304
458 46 381 2108 1384 119
1349 106 733 459 519 961 18
450 28 173 562 267
451 53 132 1016 482 17
1342 26 71 339 217 793 18
453 691 3970 1801
454 2090 1175 1785 263
1345 713 193 48 1676 1884 1037 383
1346 9 742 1557 2603 445 18
1347 736 1001 2075 1436 58
1082 1 24 357 1474 181 4
766 54 986 23 3438 3376 310 250 237 85 11
517 147 664 582 435 3
1266 34 928 642 799 1016 1871
1502 236 828 741 1068 346 0
657 3268 2939
1500 1202 148 2200 1068 1242 317
1501 28 242 937 276 519 1241 22
3089 138 916 583 1512 816
1507 122 3441 784 191
650 654 1182 972 353 33
1505 9 553 1160 503 307 309 225 59
3085 46 55 102 632 3620 863 395 21
3084 405 957 328 1028 2255 3138 304
1508 922 1256 2618 616 65
3086 165 557 643 459 1604 2582 170 446 3246 3111 951 213
767 1749 646 1278 482 17
3080 167 80 350 832 3310 3051 327
3083 44 181 203 270 436 101
659 414 800 151 59
2127 1677 1711 3
1598 126 643 459 83
1264 408 2446 3930 886
2126 92 705 174 1664 1531 170 446 566
2129 199 184 613 2946 184 324 679 5
947 134 1646 2344 1187 314 3
765 364 341 1815
2815 60 478 1268 716 210 8
945 1 19 323 1011 666 689 30
2814 92 351 466 119
2816 12 268 336 71 381 1094 689 30
188 579 974 3466 3191 2093
1081 31 163 353 613 1110 225 409 1997 2196 398
322 1386 264
323 868 2023 211 211 142
320 868 3178 3506
321 12 4146 2061
326 134 3195 4135 1365
327 1985 1544 496 1166 73 30
324 214 1129 911 50 88 146
325 3176 2361
328 20 585 1533 2420 1096 672 318 135
329 331 75 79 335 2629 2411 590 2377 304
2819 968 3208 3462 168 307 942 1981 1052 95
1340 4070 3661 1430
2818 63 326 549 905 1421 43 33
2330 69 284 584 1970 3659 3029
1595 1722 1933 3296 2774 3234
2332 243 170 446 3038 2029 517 118
2333 833 2450 3186 3239
2334 37 1143 1802 569 305 0
2335 787 1491 1603 2099
2336 541 23 64 262 21
2337 46 381 3607 1552 36
2338 152 537 1004 19 748 1259 706 1328 229
2339 122 3437 3336 3198 349 18
1341 66 1139 78 139 649 23 3
3072 182 465 611 697 932 88 146
1596 187 1130 183 3951 1319 1931 383
1995 92 1289 1629 277 140 42
1591 698 1242 317
1590 66 1465 328 390
3076 3790 3578 3580 2100 3414 2991
3077 53 989 1803 938 473 1044 1362 2243 424
3078 66 3794 1807 1735 216 2163 1702 1129 4100 8
3079 2402 3858 1400
53 236 977 81
2488 527 715 435 3
2489 165 557 644 456 238
2486 2950 2901 3994 2913 3481
1599 288 523 533 596 615
2484 331 219 78 3
2485 9 1967 1903 2021 1298 1329 177
2482 682 1198 27
2483 41 920 573 2360 3529 319 367 333
2480 69 131 1098 1157 893 159 27
2951 288 4022 3109 4046
1518 3044 2143
2248 9 252 79 502 621 749 29
2249 316 79 502 409 39 3
2244 90 520 1066 795 508
2245 1 24 226 1449 77 40 43 33
2246 698 2466 3710 2130 159 27
2247 1 272 253 42
2240 1562 542 1537 168 0
2241 680 1626 189 1446 103
2242 26 71 300 251 283 688 1111 23 3
2243 26 71 381 1094 689 785 148 51
995 167 80 350 832 206 6 16
2465 46 55 102 632 3630 479 286 104 65
2466 38 3417 3547 1733 2187 1906 1308 550 437
2467 137 85 1262 1450 1733 2187 1906 1308 550 437
991 325 429 1236 510 186 878 359 2133 995 177
990 46 55 102 632 3624 3907 586 0
993 288 597 427 462 994 1850 1363 1266 5
992 3556 2816 3728 2210
2468 2 589 595 882 162
2469 1191 431 485 246 29
120 134 1137 995 2666 132 1245 1744 177
121 171 1310 3866 484 497 36
122 261 472 847 390
123 25 939 778
124 458 254 192
125 433 1528 1101 315 675 0
126 66 492 756 655
127 182 312 169 827 620
128 46 55 1047 442 737 68
129 63 326 549 324 1944 891 201
1295 792 598 496 586 0
2068 90 1239 1407 118
2069 199 184 613 1411 1280 280 263
2798 801 1151 3747 877 655
2799 593 843 2083 2600 2999 3555
2060 822 1367 636 211 142
2061 822 2726 2723
2790 74 349 497 465 1864 3720 1728 275 290 388
2063 432 1483 172 601
2796 171 711 367 333
2797 7 77 40 43 1422 195 51
2066 91 120 942 1147
2067 90 265 1176 616 65
1849 2090 1512 816
1086 37 1146 1020 760 879 119
2666 1669 2887
2667 3026 3283 1288
2664 2706 1624 722 3617 318 135
2665 239 2997 1077 86 900 835
2662 1652 2100 1879
2663 2341 2850 1941
2660 12 141 110 330 68
2661 426 4099 2412
722 15 568 1224 206 6 16
2668 2280 3533 1901
2669 2037 1560 2511 2961
2938 63 487 274 3975 991 118
2939 712 901 455 29
2936 90 265 1177 8
2937 921 3154 2296 837 8
2934 66 1464 97 659 240
2935 144 514
2932 2086 1640 302 392 2277 490 596 615
2933 96 788 2474 498 587 52 4
2930 134 1658 2356 3767
2931 60 3512 3305 1041
1559 137 370 956 195 51
1645 199 1158 478 1268 162
1644 15 1994 1485 298 156
1647 1555 2295 2137 1401 1381 4
1646 137 6 224 339 588 1347 77 216 369 1025 1221 51
1641 138 376 574 309 708 829 82
1640 25 503 125 668 2238 516 67
1643 54 819 369 1660 1168 488 406 240
1642 53 1599 50 88 146
1396 7 35 733 1322 3307 670 338
1649 682 2042 2513 1458 62
1648 1 24 174 531 337 227
1742 96 662 940
1743 61 102 97 777 242 209
1252 25 577 1350 2319 2893 3812 758 1765 1723
579 419 402 564 415 105 312 209
578 31 366 467 340 249 52 631 802 94 13
604 96 661 2011 1216
573 299 1213 1194 68
572 680 1963 3875 2062
571 53 132 1245 1743 118
570 60 1215 1109 160 57 5
577 1719 3849 3680 86 253 42
576 122 169 108 443 227
575 20 321 140 2146 1372 692
574 2 343 401 416 745 264
2808 34 415 129 330 68
2809 260 1302 193 48 449 1771 482 17
2802 299 2112 536 132 348 1775 5
601 127 172 2264 1618
2800 236 3818 1255 1442 227
2801 1 273 697 1508 667 27
2806 185 2070 383
2807 1188 3913 3157 2872 8
2804 3973 2890 2744 13
2805 579 3761 1694 1027 68
1421 44 181 254 445 18
2406 626 1557 1278 1397 314 292 547 45
1423 1 857 1789 2667 1630 394 50 88 146
1422 669 1651 727 1127 1017 95
1425 20 322 903 481 4
1424 1 19 203 110 136 6 16
1427 127 3461 3054 726 739
2407 2086 1640 302 0
1429 593 2327 3049
1428 2768 3085 3254 3959 1437
602 1647 2516 1603 2105 2919 1484 1240 1126 824 55 296
2404 187 2694 442 3255 1582 1299 1243
731 153 1761 732 2545 3984 3749 615
730 1 463 274 315 511 73 30
733 87 482 412 633 683 29
938 122 427 161 623 159 94 13
735 60 478 837 8
734 2204 1102
737 1019 3537 1320 506
736 329 743 842 476 213
739 230 590 393 234 501 151 59
738 352 2962
2151 12 1267 731 605 221 2523 1215 1418
1359 41 920 573 2286 883 62
1358 34 489 47 600 515
469 126 643 1212 477 21
2152 98 1362 4044 3193
1353 92 554 745 1590 2051 1348 1428 244
1352 3014 3446
1351 1 19 1891 1257 48 221 264
2401 25 3898 1928 909 2169 1548 871 143
461 38 778
1356 3712 2460 3753 2192
1355 3520 2275
462 199 1332 1258
1273 25 782 75 781 1013 82
1039 293 2078 2775 2045
936 106 917 1804 1936 158
1519 2966 3992 1876
2408 1386 1594 1473 67
1515 669 2415 3860 120 271 95
1514 69 903 556 266 36
1517 149 580 8
1516 2307 2192
1511 123 447 624 1012 1103
1510 289 837 1999 2542 1265 320
1513 74 1028 43 613 861 101
1512 60 479 486 158
281 56 133 576 510 13
1004 231 198 222 14
1798 98 729 1222 3281 1281 200 21
280 49 714 1160 238
723 37 1143 177
617 167 1196 824 300 548 407
357 28 173 562 536 989 45
356 288 2018 1467 1248 814 45
355 1 24 174 390
354 38 294 2116 489 47 11
353 60 894 928 756 655
352 122 936 39 208 111 371 13
351 56 1065 360 162
350 91 958 624 244
359 122 663 50 2849 1457 471 81
358 28 154 176 131 103
3107 31 366 467 2080 262 1220 111 745 1230 265 780 297
43 116 3513 629 156
1033 117 874 189 358 11
2323 1811 1739 211 142
2322 3477
2321 96 499 50 88 1092 10 0
2793 12 268 2113 1337 14
2327 3064 2894 3631
2326 44 951 672 1090 657 398
2325 1 19 202 954 503 845 1455
1446 293 1062 40 43 33
2329 144 811 183 315 675 0
2328 63 2934 2777 824 121 13
1445 100 618 417 1036 95
289 117 1424 1069 965
288 87 556 825 810 291 201
1112 518 1779 220 3922 3083 1049 130
1793 171 658 283 1098 1089
5 2994
283 96 662 784 191
282 92 554 900 2185 664 3602 1437
285 20 411 418 1584 377 344 82
284 494 428 281 136 85 11
287 3243 2293 3648 3410 133 140 3636 3932
1442 651 2596 1875
1441 7 285 864 1930 1494 642 240
1116 26 1165 3036 952 495 398
263 723 1744 1070 1075 302 0
262 1 463 274 315 673 923
261 20 321 140 42
260 26 64 976 559 528
267 1 273 1222 1860 143
266 134 1658 1819 471 81
265 1602 3327 3133 3249 2376 3643 3429 3896 2578 3415 2657 1689 3545 2398
264 922 2249 2830 1314 508
286 522 2024 448 343 536 389
269 2695 3166 4060 3884 1876
268 69 47 1574 844 1831 1436 58
1290 7 285 250 933 23 3
2499 228 2160 2871 1237 212
2498 3010 3295 3810
1563 34 415 225 1826 237 6 16
2491 2 588 1347 77 40 695
2490 15 1093 964 1583 1406 21
2493 98 729 1581 529
2492 53 132 603 841 23 71 300 251 4
2495 7 35 734 521 377 73 30
2192 155 1567 838 143
2497 61 145 212
2496 1 857 1789 3267 3730 477 21
2193 49 1505 560 173 758 1500 374 17
1294 72 452 348 719 150 84
2259 2236 4152 3572
2258 1555 1048 1314 2102 694 376 575 609 1379 205
2257 2370 3883 1879
2256 69 131 1098 1157 893 159 3890 3135
2255 100 1110 225 882 162
2254 144 811 491 241
2253 20 322 164 110 10 1675 4016 834 592 13
2252 123 607 578 220 103
2251 28 154 1054 559 3120 4144 52 4
2250 128 395 129 10 0
2477 56 540 428 281 10 0
2476 9 818 95
988 365 761 791 62
2474 593 2553 3900 3942
2473 9 252 1229 2803 737 68
2472 20 585 328 1276 1269
2471 127 1321 506
2470 26 64 215 14
982 26 139 3223 619
983 1 272 1399 2228 286 17
980 37 650 3089 2272 19 203 194 545 5
981 765 2171 310 186 726 739
986 196 451 1449 35 762 610
987 60 479 1922 423 1241 22
984 1295 3335 1892
985 419 855 1075 2190 338
115 1717 266 112 115 2359 3585 3301 322 14
252 90 282 554 104 65
117 7 77 439 1487 372 22
116 54 2208 387 24 130
111 144 436 101
110 7 285 186 877 655
113 7 285 864 1930 4124 21
253 72 614 1752 2895
119 26 139 1468 1194 68
118 188 1007 871 143
2785 144 975 1332 1258
2784 15 1846 1168 452 5
2787 15 766 313 930 287 48 0
2786 53 686 826 434 23 208 658 4
2781 34 912 78 3
2780 365 1827 1600 67
2783 25 295 1391 865 1251 17
2782 1 3339 4105 170 446 1068 346 221 1586 2763 1926 1376 549 33
2789 138 376 664 797 177
2788 626 803 2937 62
1797 792 598 2001 892 259 5
2079 2 588 3317 1495 1271 201
2078 289 837 151 59
2073 41 10 738 1564 1469 17
2072 137 6 224 121 13
2071 432 892 119
2070 49 1579 685 145 233 83
2077 289 2373 1512 816
2076 676 1107 1446 990 667 94 13
2075 165 397 396 184 324 814 45
2074 56 1065 360 2565 1178 1142 29
1796 28 154 1066 970 2285 10 0
1389 106 1972 1017 95
2671 2892
2670 475 1534 2009 443 366 45
2673 433 1528 2073 2174 614 62
2672 15 767 401 181 630 247 8
2675 122 936 2429 3150 3541 115 0
2674 635 773 248 2138 1569 1673
2677 122 663 50 1868 1848 447 624 244
2676 155 2097 717 156
2679 100 1110 709 148 730 197
2678 288 1003 1956 1033 556 2233 1048 1729
2929 342 591 1956 369 1325 805
2928 2714 3609
2921 3103 1413 404 145 212
2920 3546 3328 2770
2923 3213 4052
2922 3354 2531 1413 404 145 212
2925 2219 3739 3738 3575 2139 2036 424
2924 2219 3731 2342
2927 3099 2585 394 50 88 146
2564 2 385 313 788 1404 291 201
708 188 2248 911 50 88 146
709 654 1182 3566 109
1986 1 19 748 3825 1527 67
1987 31 163 924 700 19 1888 731 840 73 30
1632 570 2108 2921 241
1985 2 588 1823 879 119
1634 570 582 2117 324 1219 179 14
1635 3261 2130 1036 1620 2046 2193 162
1980 950 1805 2539 641 627
1981 2183 3909 471 81
1638 155 2147 2011 1216
1639 26 64 3779 81
1988 26 64 811 183 76
1989 2738 2843 1840
1781 15 1845 794 619
706 535 1351 1460 249 52 4
568 46 339 32 107 21
569 117 1359 368 158
2817 9 895 212
707 2 979 962 666 1246
2811 3025 3681 1844 2157
2810 570 2109 4165 2230 302 0
2813 329 1106 396 1158 2155 1003 562 267
2812 1 19 1891 1624 1788 303 70
560 61 309 225 249 692
561 96 662 784 1925 1627 3598 2071 163 850 539 662 940
562 98 469 725 991 118
563 790 353 1422 763
564 188 2056 3964
565 15 235 525 678 646 859
566 334 2502 388
567 149 580 421 257
1188 100 861 1559 2062
1189 63 286 104 1507 810 291 201
1186 2725 3805
1187 63 1921 189 358 11
1184 551 1340
1185 126 644 456 238
1182 325 1190 1201 257
1183 90 282 611 189 1250 2314 22
1180 25 503 125 13
1181 137 85 11
726 12 141 110 10 448 40 23 3
727 34 755 1853 3433 124 6 16
724 134 183 565 375 244
725 232 1163 821 1594 763
1748 1652 2721 3563
1749 137 1033 1396 697 932 1388
720 26 71 339 40 43 33
721 331 219 498 437
1744 46 121 186 875 242 209
1745 365 3273 2269
1746 3535 906 883 62
1747 113 1025 1576 1553 300 251 4
1740 149 1343 604 802 94 13
1741 1540 2153 109
728 185 943 129 1979 948 471 81
729 100 1411 3468 1231 227
1164 230 345 1244 276 3293 3806 319 367 333
1165 325 1539 435 208 853 130
1166 37 1146 1020 1076 286 104 65
1167 625 530 907 615
1160 258 186 875 173 1128 23 3
1161 185 1526 1533 2682 1105 675 0
640 100 618 417 159 94 13
1163 432 1565 993 1164 6 1696 2224 119
1623 26 208 2457 459 83
1168 2 386 387 1546 193 48 125 13
1169 1 272 913 3721 1547 1655 205
3092 12 2268 3635 929 73 30
1366 736 1001 2074 1212 1387 1619 1958
2913 9 252 79 502 545 5
48 126 561 283 103
49 570 2107 403
46 2 3844 2215 985 68
47 243 170 104 335 36
44 260 1456 476 213
45 518 1781 58
42 2 2176 3416 3130 482 253 42
2034 122 427 161 76
40 9 3865 3201 3963 17
41 126 842 367 333
1568 53 389
1569 12 4098 4109 2216 75 27
1298 144 262 428 1392 711 2788
1299 474 328 305 125 186 726 739
1788 44 3548 724 511 1226 359 320
1560 25 1516 355 124 22
1293 7 1418
1562 334 1450 2527 807 111 17
1291 1 463 275 290 1591 859
1296 3726 2771 3271 3910
1565 46 339 32 107 1154 3703 124 6 16
1566 37 1980 2858 1983 1111 23 3
1567 187 277 576 1566 102 164 194 59
797 56 987 442 378 6 16
1360 61 160 862 223
1712 38 294 2115 198 1291 57 5
1361 54 986 23 3108 4086 1637 3013 649 23 2833 4073 926 24 130
795 1691 2432
1381 2364 3413 3465 1499
1710 2 438 1502 3801 1510 751
1789 329 1106 534 233 3209 2762 425 39 3
2551 155 972 851 238
793 261 472 847 1027 313 259 5
1716 669 3427 2869 1284 158
791 3081
2032 626 803 572 303 1004 273 190 1235 65
1201 239 372 6 1696 1612 1209 460 93 14
790 147 664 582 2114 84
472 134 1968 3700 2996 1569 608 296
1367 123 447 884 367 3087 3763 1554 1852
470 155 677 925 465 611 517 118
471 493 2262 361 4171 2478 532 32 444 304
1362 74 1026 855 1075 302 0
1363 551 360 616 1172 330 68
474 66 1139 78 3
475 66 492 89 807 111 17
478 12 303 1004 19 202 953 1218 39 3
479 31 163 39 71 121 1085 2244 2003 118
2916 3100 3901 200 105 465 1035 175
1368 26 64 262 129 136 22
1369 790 850 863 222 47 11
