2370 1 1 6.905252
3090 1 1 6.905252
1278 5 5 5.806640
651 3 3 6.212105
937 10 10 5.200504
746 4 4 5.988961
1824 1 1 6.905252
2903 1 1 6.905252
2490 1 1 6.905252
2824 2 2 6.499787
47 2 2 6.499787
214 3 3 6.212105
772 3 3 6.212105
224 9 9 5.295814
1083 11 11 5.113493
1619 2 2 6.499787
1589 3 3 6.212105
3000 2 2 6.499787
1860 2 2 6.499787
2350 2 2 6.499787
2384 1 1 6.905252
2133 2 2 6.499787
543 14 14 4.890349
490 15 15 4.825811
825 2 1 6.905252
2038 2 2 6.499787
102 14 13 4.959342
766 2 2 6.499787
2569 1 1 6.905252
2430 2 1 6.905252
421 1 1 6.905252
1422 2 2 6.499787
2943 1 1 6.905252
3123 1 1 6.905252
1177 7 7 5.518958
2628 1 1 6.905252
1444 1 1 6.905252
2372 1 1 6.905252
1830 1 1 6.905252
1877 4 4 5.988961
1820 2 2 6.499787
2087 3 3 6.212105
1342 2 2 6.499787
3015 1 1 6.905252
2549 1 1 6.905252
2554 1 1 6.905252
2891 2 2 6.499787
2890 1 1 6.905252
450 1 1 6.905252
1358 2 2 6.499787
539 3 3 6.212105
1884 2 2 6.499787
1609 1 1 6.905252
2313 2 2 6.499787
424 1 1 6.905252
1454 2 2 6.499787
2544 1 1 6.905252
1196 1 1 6.905252
17 1 1 6.905252
2342 2 2 6.499787
945 1 1 6.905252
38 40 38 3.934838
1062 4 4 5.988961
164 29 29 4.197202
1650 1 1 6.905252
1356 1 1 6.905252
931 5 5 5.806640
1160 2 2 6.499787
323 1 1 6.905252
381 7 7 5.518958
2763 1 1 6.905252
1977 2 2 6.499787
2212 2 2 6.499787
2270 1 1 6.905252
2299 1 1 6.905252
2425 1 1 6.905252
2463 1 1 6.905252
1721 1 1 6.905252
1795 4 4 5.988961
482 4 4 5.988961
449 19 18 4.653960
143 2 2 6.499787
1189 2 2 6.499787
2199 3 3 6.212105
1140 3 3 6.212105
1889 2 2 6.499787
1725 1 1 6.905252
2422 1 1 6.905252
234 2 2 6.499787
315 1 1 6.905252
382 8 7 5.518958
2850 2 2 6.499787
1283 5 5 5.806640
84 60 59 3.504055
3003 1 1 6.905252
2762 1 1 6.905252
616 6 6 5.652489
2643 1 1 6.905252
172 2 2 6.499787
310 6 6 5.652489
435 8 8 5.401175
1543 1 1 6.905252
530 1 1 6.905252
2689 2 2 6.499787
249 16 15 4.825811
1269 2 2 6.499787
1758 1 1 6.905252
270 25 22 4.462905
2672 1 1 6.905252
2283 1 1 6.905252
2814 1 1 6.905252
540 5 5 5.806640
826 6 6 5.652489
2003 1 1 6.905252
1542 1 1 6.905252
833 2 2 6.499787
1104 1 1 6.905252
276 9 9 5.295814
1555 3 3 6.212105
1717 1 1 6.905252
1937 2 2 6.499787
528 4 4 5.988961
1568 1 1 6.905252
2656 1 1 6.905252
1487 1 1 6.905252
3117 1 1 6.905252
874 1 1 6.905252
1963 1 1 6.905252
1994 1 1 6.905252
683 1 1 6.905252
599 11 11 5.113493
221 65 65 3.408745
1340 1 1 6.905252
1947 2 2 6.499787
2529 3 1 6.905252
924 5 5 5.806640
1606 2 2 6.499787
133 28 28 4.231103
1371 9 8 5.401175
2799 1 1 6.905252
1181 9 9 5.295814
1400 1 1 6.905252
1139 4 4 5.988961
850 1 1 6.905252
128 12 12 5.033450
2530 1 1 6.905252
415 2 1 6.905252
3054 1 1 6.905252
827 1 1 6.905252
1168 3 3 6.212105
388 14 14 4.890349
1121 7 7 5.518958
632 2 2 6.499787
2575 1 1 6.905252
413 7 7 5.518958
1731 1 1 6.905252
1496 1 1 6.905252
211 13 13 4.959342
836 4 4 5.988961
958 4 4 5.988961
1574 8 6 5.652489
2528 1 1 6.905252
996 5 5 5.806640
685 2 2 6.499787
2209 2 2 6.499787
2282 1 1 6.905252
1965 1 1 6.905252
2870 3 2 6.499787
2011 1 1 6.905252
1900 2 2 6.499787
1799 3 3 6.212105
756 1 1 6.905252
627 2 2 6.499787
3005 1 1 6.905252
2046 4 4 5.988961
1587 1 1 6.905252
906 3 3 6.212105
1025 1 1 6.905252
553 17 16 4.765186
1145 6 6 5.652489
1091 6 6 5.652489
2700 2 2 6.499787
747 2 2 6.499787
1694 2 2 6.499787
1593 1 1 6.905252
70 5 4 5.988961
2409 1 1 6.905252
3010 2 2 6.499787
376 3 3 6.212105
2539 1 1 6.905252
1933 4 4 5.988961
42 1 1 6.905252
1410 2 2 6.499787
898 1 1 6.905252
2899 1 1 6.905252
1279 2 2 6.499787
1366 2 2 6.499787
55 1 1 6.905252
6 15 15 4.825811
409 6 5 5.806640
3038 1 1 6.905252
2362 1 1 6.905252
1544 3 3 6.212105
2582 1 1 6.905252
2055 1 1 6.905252
559 1 1 6.905252
1063 1 1 6.905252
3159 1 1 6.905252
1800 1 1 6.905252
292 7 7 5.518958
2215 3 3 6.212105
1370 3 2 6.499787
2404 1 1 6.905252
2332 2 2 6.499787
368 3 3 6.212105
484 6 5 5.806640
72 2 2 6.499787
1583 6 4 5.988961
2200 4 4 5.988961
2216 2 2 6.499787
2983 1 1 6.905252
778 1 1 6.905252
434 1 1 6.905252
1053 12 10 5.200504
2246 1 1 6.905252
2265 1 1 6.905252
1504 1 1 6.905252
2365 3 2 6.499787
2988 2 2 6.499787
1548 2 2 6.499787
1747 3 2 6.499787
411 1 1 6.905252
1017 2 2 6.499787
1621 8 8 5.401175
514 1 1 6.905252
547 4 4 5.988961
1489 2 2 6.499787
345 28 28 4.231103
2872 1 1 6.905252
2932 1 1 6.905252
3133 1 1 6.905252
1339 1 1 6.905252
1887 2 2 6.499787
2004 1 1 6.905252
2105 2 2 6.499787
1683 5 5 5.806640
1158 7 7 5.518958
322 9 6 5.652489
628 8 5 5.806640
2803 2 2 6.499787
618 3 3 6.212105
2654 2 2 6.499787
1335 1 1 6.905252
1774 2 2 6.499787
2205 2 2 6.499787
1357 2 2 6.499787
2619 2 2 6.499787
594 2 2 6.499787
183 10 10 5.200504
1131 4 2 6.499787
1722 3 3 6.212105
2602 1 1 6.905252
2519 2 2 6.499787
608 2 2 6.499787
2596 3 3 6.212105
1072 2 2 6.499787
554 18 17 4.708028
1585 5 5 5.806640
1858 1 1 6.905252
2713 2 2 6.499787
3139 1 1 6.905252
2198 1 1 6.905252
2253 1 1 6.905252
922 1 1 6.905252
531 1 1 6.905252
2644 2 2 6.499787
3064 1 1 6.905252
468 13 11 5.113493
1974 1 1 6.905252
1821 1 1 6.905252
1986 1 1 6.905252
1857 1 1 6.905252
1286 1 1 6.905252
2907 1 1 6.905252
713 4 4 5.988961
1333 1 1 6.905252
2893 2 2 6.499787
391 7 7 5.518958
2401 1 1 6.905252
1983 1 1 6.905252
2403 1 1 6.905252
642 3 3 6.212105
2895 2 2 6.499787
3002 1 1 6.905252
770 8 8 5.401175
2150 2 2 6.499787
704 4 4 5.988961
1897 2 2 6.499787
1815 6 4 5.988961
2998 2 2 6.499787
298 2 2 6.499787
2968 2 2 6.499787
2986 1 1 6.905252
3024 1 1 6.905252
710 2 2 6.499787
2919 1 1 6.905252
1649 2 2 6.499787
416 4 4 5.988961
2325 1 1 6.905252
1161 3 2 6.499787
176 3 3 6.212105
2886 1 1 6.905252
1472 2 2 6.499787
2020 2 2 6.499787
1951 2 2 6.499787
1195 1 1 6.905252
631 1 1 6.905252
1507 1 1 6.905252
404 1 1 6.905252
2204 2 2 6.499787
1031 3 3 6.212105
1535 6 6 5.652489
3119 2 2 6.499787
571 3 3 6.212105
2390 1 1 6.905252
2112 3 3 6.212105
3053 1 1 6.905252
377 1 1 6.905252
2556 1 1 6.905252
1250 2 2 6.499787
2497 2 2 6.499787
2489 1 1 6.905252
2898 1 1 6.905252
2659 1 1 6.905252
1706 4 4 5.988961
78 1 1 6.905252
3140 1 1 6.905252
2990 1 1 6.905252
1890 1 1 6.905252
2964 2 2 6.499787
2494 2 2 6.499787
606 3 3 6.212105
609 3 3 6.212105
1617 1 1 6.905252
523 5 4 5.988961
2210 2 2 6.499787
66 1 1 6.905252
929 2 2 6.499787
340 6 6 5.652489
2720 2 2 6.499787
2946 1 1 6.905252
2520 2 2 6.499787
1383 1 1 6.905252
2909 1 1 6.905252
1003 9 9 5.295814
1302 6 6 5.652489
2377 1 1 6.905252
2050 2 1 6.905252
1448 2 2 6.499787
3087 1 1 6.905252
2117 2 2 6.499787
1153 3 3 6.212105
1541 7 6 5.652489
2040 3 3 6.212105
296 2 2 6.499787
654 3 3 6.212105
2999 1 1 6.905252
231 1 1 6.905252
1197 2 2 6.499787
1288 2 2 6.499787
566 11 11 5.113493
32 151 147 2.601187
2948 1 1 6.905252
1300 2 2 6.499787
3101 1 1 6.905252
1034 2 2 6.499787
723 1 1 6.905252
546 1 1 6.905252
1856 1 1 6.905252
2262 1 1 6.905252
857 1 1 6.905252
1188 1 1 6.905252
550 3 3 6.212105
1372 1 1 6.905252
1436 1 1 6.905252
2752 1 1 6.905252
658 2 2 6.499787
2 1 1 6.905252
1952 1 1 6.905252
515 6 6 5.652489
2035 1 1 6.905252
443 2 2 6.499787
1791 1 1 6.905252
3137 1 1 6.905252
313 1 1 6.905252
648 2 2 6.499787
1712 3 3 6.212105
399 1 1 6.905252
463 2 2 6.499787
1826 5 5 5.806640
2801 1 1 6.905252
87 15 15 4.825811
2361 2 2 6.499787
840 2 2 6.499787
1728 1 1 6.905252
1973 1 1 6.905252
3039 3 3 6.212105
2627 1 1 6.905252
2305 1 1 6.905252
1263 2 2 6.499787
1152 22 21 4.507357
2393 3 3 6.212105
1001 2 2 6.499787
2207 5 5 5.806640
2032 1 1 6.905252
3161 1 1 6.905252
2679 1 1 6.905252
239 12 12 5.033450
3084 1 1 6.905252
1929 7 7 5.518958
873 2 2 6.499787
117 1 1 6.905252
3088 1 1 6.905252
2617 2 2 6.499787
2244 1 1 6.905252
752 3 3 6.212105
2798 1 1 6.905252
201 11 11 5.113493
809 2 1 6.905252
1911 7 7 5.518958
789 2 2 6.499787
1885 1 1 6.905252
1494 1 1 6.905252
593 1 1 6.905252
317 2 2 6.499787
2221 1 1 6.905252
994 1 1 6.905252
2380 1 1 6.905252
1862 2 2 6.499787
402 1 1 6.905252
1211 1 1 6.905252
1819 5 5 5.806640
408 3 3 6.212105
1169 2 2 6.499787
634 5 5 5.806640
24 176 174 2.433613
1398 1 1 6.905252
1049 2 2 6.499787
1626 2 2 6.499787
1761 2 2 6.499787
1201 2 2 6.499787
1673 2 2 6.499787
1533 2 2 6.499787
1137 8 8 5.401175
431 1 1 6.905252
3127 1 1 6.905252
114 1 1 6.905252
337 2 2 6.499787
1464 3 3 6.212105
2227 4 4 5.988961
1958 3 3 6.212105
3031 1 1 6.905252
2587 1 1 6.905252
2553 1 1 6.905252
1886 1 1 6.905252
1719 1 1 6.905252
971 1 1 6.905252
1750 3 3 6.212105
1492 1 1 6.905252
1915 1 1 6.905252
2495 1 1 6.905252
2795 1 1 6.905252
750 2 2 6.499787
1959 1 1 6.905252
2340 2 2 6.499787
2078 2 2 6.499787
1429 1 1 6.905252
2887 1 1 6.905252
3129 1 1 6.905252
29 13 13 4.959342
2165 1 1 6.905252
1573 7 7 5.518958
1659 2 2 6.499787
1536 1 1 6.905252
2715 1 1 6.905252
324 6 5 5.806640
2550 7 6 5.652489
2373 1 1 6.905252
630 10 8 5.401175
798 1 1 6.905252
2496 1 1 6.905252
2651 2 2 6.499787
2888 1 1 6.905252
1899 2 2 6.499787
2827 1 1 6.905252
2044 1 1 6.905252
103 111 83 3.167583
2162 1 1 6.905252
1918 2 2 6.499787
649 32 31 4.132663
2107 2 2 6.499787
726 11 11 5.113493
2892 1 1 6.905252
2730 2 2 6.499787
2436 1 1 6.905252
604 49 46 3.748252
2308 2 2 6.499787
2537 2 2 6.499787
735 1 1 6.905252
1964 1 1 6.905252
2846 1 1 6.905252
1700 3 3 6.212105
1074 2 2 6.499787
343 1 1 6.905252
1684 2 2 6.499787
2081 3 3 6.212105
1393 1 1 6.905252
2058 1 1 6.905252
2113 2 2 6.499787
199 11 11 5.113493
406 2 2 6.499787
656 2 2 6.499787
1662 1 1 6.905252
641 2 2 6.499787
1966 4 4 5.988961
1327 3 3 6.212105
2158 3 3 6.212105
1530 3 3 6.212105
933 1 1 6.905252
1499 1 1 6.905252
2486 2 1 6.905252
1058 2 2 6.499787
1403 4 4 5.988961
2942 1 1 6.905252
3124 1 1 6.905252
1928 1 1 6.905252
2420 5 4 5.988961
132 7 7 5.518958
2394 2 2 6.499787
1239 5 3 6.212105
177 5 5 5.806640
684 1 1 6.905252
1601 1 1 6.905252
1455 3 3 6.212105
1566 3 3 6.212105
50 49 48 3.706579
1996 1 1 6.905252
1967 1 1 6.905252
2374 2 2 6.499787
2418 1 1 6.905252
2149 2 2 6.499787
764 1 1 6.905252
2400 1 1 6.905252
1576 5 4 5.988961
1968 5 5 5.806640
2102 1 1 6.905252
1390 2 2 6.499787
1545 1 1 6.905252
2444 2 2 6.499787
2458 2 2 6.499787
1126 4 3 6.212105
1360 5 5 5.806640
2840 1 1 6.905252
2534 2 2 6.499787
1348 2 2 6.499787
2541 1 1 6.905252
2558 2 2 6.499787
45 5 5 5.806640
364 1 1 6.905252
3122 1 1 6.905252
2994 1 1 6.905252
1624 1 1 6.905252
3141 1 1 6.905252
2717 1 1 6.905252
1044 1 1 6.905252
1220 1 1 6.905252
2688 3 3 6.212105
2182 2 2 6.499787
369 2 2 6.499787
820 3 3 6.212105
3099 2 2 6.499787
977 4 4 5.988961
378 1 1 6.905252
3110 1 1 6.905252
2315 1 1 6.905252
1599 6 5 5.806640
148 8 7 5.518958
295 8 8 5.401175
2636 14 5 5.806640
705 2 2 6.499787
248 2 2 6.499787
195 20 20 4.553877
2276 2 2 6.499787
721 6 6 5.652489
2090 2 2 6.499787
612 2 2 6.499787
1386 1 1 6.905252
589 2 2 6.499787
425 3 3 6.212105
1442 2 2 6.499787
1469 3 3 6.212105
2051 3 3 6.212105
2478 1 1 6.905252
2016 1 1 6.905252
452 8 8 5.401175
2608 1 1 6.905252
981 2 2 6.499787
856 2 2 6.499787
2292 2 2 6.499787
1242 6 5 5.806640
2707 1 1 6.905252
1353 1 1 6.905252
2741 1 1 6.905252
384 3 3 6.212105
978 2 2 6.499787
2573 2 2 6.499787
1247 5 4 5.988961
3115 1 1 6.905252
2951 1 1 6.905252
966 2 2 6.499787
1117 9 8 5.401175
2737 2 2 6.499787
1457 1 1 6.905252
665 10 10 5.200504
22 17 13 4.959342
1007 4 4 5.988961
2847 2 2 6.499787
2638 6 5 5.806640
2140 1 1 6.905252
2131 3 3 6.212105
1173 2 2 6.499787
1473 1 1 6.905252
1215 2 2 6.499787
202 11 11 5.113493
1023 5 5 5.806640
1868 1 1 6.905252
43 4 4 5.988961
2811 1 1 6.905252
1326 4 4 5.988961
2457 2 1 6.905252
782 4 4 5.988961
2498 1 1 6.905252
2760 1 1 6.905252
3118 1 1 6.905252
1944 1 1 6.905252
433 4 4 5.988961
1129 1 1 6.905252
2247 1 1 6.905252
516 4 4 5.988961
2056 1 1 6.905252
810 1 1 6.905252
727 2 2 6.499787
702 1 1 6.905252
2910 1 1 6.905252
2160 3 2 6.499787
1715 1 1 6.905252
262 19 17 4.708028
1254 3 3 6.212105
851 11 10 5.200504
2863 1 1 6.905252
1743 1 1 6.905252
1676 1 1 6.905252
2671 1 1 6.905252
2260 2 2 6.499787
2439 1 1 6.905252
2428 2 1 6.905252
2743 1 1 6.905252
805 4 4 5.988961
2868 2 2 6.499787
2856 1 1 6.905252
2791 2 2 6.499787
2665 1 1 6.905252
1453 2 2 6.499787
3130 1 1 6.905252
1525 1 1 6.905252
2348 2 2 6.499787
3063 1 1 6.905252
1614 6 6 5.652489
1217 2 2 6.499787
2861 1 1 6.905252
2271 1 1 6.905252
1805 1 1 6.905252
889 5 5 5.806640
2294 2 2 6.499787
838 3 3 6.212105
792 2 2 6.499787
843 1 1 6.905252
242 1 1 6.905252
2109 1 1 6.905252
379 2 2 6.499787
867 1 1 6.905252
663 3 3 6.212105
759 9 9 5.295814
1633 2 2 6.499787
500 1 1 6.905252
259 47 47 3.727198
1209 8 7 5.518958
2947 1 1 6.905252
255 25 24 4.379524
2505 1 1 6.905252
3017 2 2 6.499787
551 5 5 5.806640
2043 1 1 6.905252
1817 4 4 5.988961
1295 8 7 5.518958
1459 6 6 5.652489
886 7 7 5.518958
806 3 3 6.212105
1936 2 2 6.499787
10 1 1 6.905252
3146 2 2 6.499787
3142 1 1 6.905252
2649 2 2 6.499787
363 6 6 5.652489
2441 1 1 6.905252
3136 1 1 6.905252
2344 2 2 6.499787
2675 1 1 6.905252
1586 5 5 5.806640
2468 2 2 6.499787
3095 1 1 6.905252
1729 2 2 6.499787
3071 2 2 6.499787
1714 2 2 6.499787
2223 1 1 6.905252
1022 5 5 5.806640
246 3 3 6.212105
2483 1 1 6.905252
158 5 5 5.806640
67 36 34 4.043051
304 14 14 4.890349
1948 2 2 6.499787
2026 2 2 6.499787
1159 1 1 6.905252
2936 1 1 6.905252
844 1 1 6.905252
1315 5 5 5.806640
328 2 2 6.499787
2429 1 1 6.905252
2108 5 5 5.806640
2266 1 1 6.905252
145 18 17 4.708028
2984 1 1 6.905252
3026 1 1 6.905252
3126 1 1 6.905252
2402 1 1 6.905252
2178 2 2 6.499787
2010 1 1 6.905252
2098 1 1 6.905252
302 105 101 2.973427
1643 2 2 6.499787
2139 2 2 6.499787
236 1 1 6.905252
1364 1 1 6.905252
1483 7 7 5.518958
2273 2 2 6.499787
146 21 17 4.708028
1938 2 2 6.499787
161 1 1 6.905252
1310 2 2 6.499787
913 4 4 5.988961
910 5 3 6.212105
2839 2 2 6.499787
2624 3 3 6.212105
3083 1 1 6.905252
811 1 1 6.905252
767 2 2 6.499787
122 42 40 3.884827
1640 1 1 6.905252
911 2 1 6.905252
91 6 6 5.652489
1056 4 4 5.988961
1388 1 1 6.905252
1087 2 2 6.499787
777 3 3 6.212105
3138 1 1 6.905252
824 5 5 5.806640
2532 1 1 6.905252
11 1 1 6.905252
2835 2 2 6.499787
2180 2 2 6.499787
689 3 3 6.212105
1032 3 3 6.212105
3157 2 2 6.499787
2531 3 2 6.499787
2823 1 1 6.905252
166 3 3 6.212105
1914 4 4 5.988961
1510 3 3 6.212105
1205 4 4 5.988961
1420 1 1 6.905252
2073 2 2 6.499787
1869 1 1 6.905252
2488 4 4 5.988961
1042 1 1 6.905252
1030 7 7 5.518958
230 2 2 6.499787
2333 2 2 6.499787
1718 2 2 6.499787
2477 1 1 6.905252
2620 1 1 6.905252
928 2 2 6.499787
511 16 16 4.765186
64 10 9 5.295814
1689 2 2 6.499787
2411 1 1 6.905252
1162 4 4 5.988961
13 8 8 5.401175
2432 1 1 6.905252
917 5 3 6.212105
3144 1 1 6.905252
1346 2 2 6.499787
2764 1 1 6.905252
2772 1 1 6.905252
2966 1 1 6.905252
155 3 3 6.212105
346 19 18 4.653960
2460 1 1 6.905252
907 5 5 5.806640
184 42 41 3.860730
1064 2 2 6.499787
2854 2 2 6.499787
1285 1 1 6.905252
1375 12 11 5.113493
2065 1 1 6.905252
2124 1 1 6.905252
2616 1 1 6.905252
2310 4 4 5.988961
655 11 11 5.113493
2338 1 1 6.905252
1563 1 1 6.905252
1384 2 2 6.499787
1501 4 4 5.988961
2828 2 2 6.499787
1377 1 1 6.905252
1998 3 3 6.212105
1985 1 1 6.905252
1529 7 7 5.518958
2360 1 1 6.905252
2904 1 1 6.905252
1447 1 1 6.905252
2166 1 1 6.905252
676 7 6 5.652489
1941 2 2 6.499787
1528 1 1 6.905252
3025 2 2 6.499787
934 3 3 6.212105
2711 1 1 6.905252
2633 12 5 5.806640
2169 2 2 6.499787
2309 2 2 6.499787
215 4 4 5.988961
492 2 2 6.499787
796 2 2 6.499787
2793 1 1 6.905252
2324 1 1 6.905252
1292 4 4 5.988961
2163 1 1 6.905252
2232 1 1 6.905252
3149 1 1 6.905252
73 70 65 3.408745
786 7 7 5.518958
3030 1 1 6.905252
1095 2 2 6.499787
823 2 1 6.905252
512 2 2 6.499787
460 25 23 4.420345
2927 1 1 6.905252
1257 3 3 6.212105
407 1 1 6.905252
467 4 3 6.212105
969 4 4 5.988961
365 2 2 6.499787
464 14 13 4.959342
1771 12 12 5.033450
868 1 1 6.905252
1311 3 3 6.212105
338 9 8 5.401175
31 18 16 4.765186
174 6 6 5.652489
459 24 23 4.420345
1753 1 1 6.905252
1085 2 2 6.499787
1814 2 2 6.499787
1569 1 1 6.905252
1325 4 4 5.988961
1796 1 1 6.905252
65 39 35 4.014880
3061 1 1 6.905252
12 46 44 3.791737
991 3 3 6.212105
1630 1 1 6.905252
1744 1 1 6.905252
1218 1 1 6.905252
942 2 2 6.499787
2172 1 1 6.905252
2264 2 2 6.499787
2128 1 1 6.905252
1343 11 11 5.113493
141 19 19 4.602667
2366 2 1 6.905252
895 8 3 6.212105
3055 2 2 6.499787
2356 2 2 6.499787
2071 3 3 6.212105
2493 1 1 6.905252
2157 2 2 6.499787
1363 1 1 6.905252
784 7 6 5.652489
94 1 1 6.905252
1841 2 2 6.499787
203 22 22 4.462905
2513 2 2 6.499787
3004 1 1 6.905252
1724 1 1 6.905252
367 2 2 6.499787
1802 1 1 6.905252
2082 3 3 6.212105
2379 2 2 6.499787
575 1 1 6.905252
807 3 3 6.212105
2928 1 1 6.905252
732 3 3 6.212105
1627 3 3 6.212105
1840 1 1 6.905252
205 5 4 5.988961
1999 2 2 6.499787
473 15 15 4.825811
266 8 8 5.401175
625 4 4 5.988961
2958 1 1 6.905252
2452 1 1 6.905252
2949 1 1 6.905252
529 2 2 6.499787
108 17 14 4.890349
2024 1 1 6.905252
428 1 1 6.905252
2357 1 1 6.905252
1989 1 1 6.905252
1191 5 5 5.806640
1135 6 6 5.652489
538 1 1 6.905252
1512 1 1 6.905252
2817 1 1 6.905252
664 2 2 6.499787
2744 2 1 6.905252
2476 2 2 6.499787
456 9 9 5.295814
2578 1 1 6.905252
1910 1 1 6.905252
477 6 5 5.806640
350 4 4 5.988961
699 4 4 5.988961
720 1 1 6.905252
179 2 2 6.499787
761 1 1 6.905252
2977 2 2 6.499787
2621 1 1 6.905252
1844 1 1 6.905252
3059 1 1 6.905252
1287 1 1 6.905252
2438 1 1 6.905252
2023 4 4 5.988961
1751 4 4 5.988961
613 4 4 5.988961
2821 1 1 6.905252
307 2 1 6.905252
2721 1 1 6.905252
1214 8 8 5.401175
1406 1 1 6.905252
1182 4 4 5.988961
2484 1 1 6.905252
403 1 1 6.905252
1602 1 1 6.905252
596 9 8 5.401175
536 3 3 6.212105
813 2 2 6.499787
2355 1 1 6.905252
939 9 9 5.295814
1066 4 4 5.988961
950 11 10 5.200504
781 3 3 6.212105
3147 1 1 6.905252
1057 3 3 6.212105
1960 3 3 6.212105
1458 1 1 6.905252
2111 2 2 6.499787
1331 1 1 6.905252
610 2 2 6.499787
1629 1 1 6.905252
509 3 3 6.212105
1059 6 4 5.988961
1870 1 1 6.905252
279 11 11 5.113493
1323 1 1 6.905252
59 2 2 6.499787
508 6 6 5.652489
2048 1 1 6.905252
2469 1 1 6.905252
1558 3 3 6.212105
2194 1 1 6.905252
2103 3 3 6.212105
2944 1 1 6.905252
1461 1 1 6.905252
2336 4 4 5.988961
2658 1 1 6.905252
1664 1 1 6.905252
2412 1 1 6.905252
1982 2 2 6.499787
591 4 4 5.988961
964 12 12 5.033450
3082 1 1 6.905252
332 1 1 6.905252
3152 1 1 6.905252
974 2 2 6.499787
1213 1 1 6.905252
2818 3 3 6.212105
372 8 8 5.401175
167 10 10 5.200504
2074 2 2 6.499787
1646 2 2 6.499787
1547 3 2 6.499787
2552 1 1 6.905252
3048 2 2 6.499787
1078 2 2 6.499787
2567 1 1 6.905252
2832 1 1 6.905252
3074 1 1 6.905252
799 4 4 5.988961
2618 2 2 6.499787
2238 2 2 6.499787
2206 2 2 6.499787
2788 2 2 6.499787
1243 2 2 6.499787
1524 2 2 6.499787
1045 7 7 5.518958
872 3 3 6.212105
461 5 5 5.806640
2926 1 1 6.905252
21 51 45 3.769758
1608 1 1 6.905252
207 26 24 4.379524
1934 1 1 6.905252
715 7 7 5.518958
2930 1 1 6.905252
1192 3 3 6.212105
353 4 3 6.212105
880 2 2 6.499787
1836 1 1 6.905252
506 2 2 6.499787
2592 1 1 6.905252
755 8 8 5.401175
1329 2 2 6.499787
758 1 1 6.905252
1654 5 5 5.806640
1280 2 2 6.499787
1754 3 2 6.499787
999 2 2 6.499787
2189 1 1 6.905252
831 2 2 6.499787
1047 3 3 6.212105
360 3 3 6.212105
46 1 1 6.905252
605 4 4 5.988961
2725 2 2 6.499787
261 10 10 5.200504
925 5 5 5.806640
2774 1 1 6.905252
534 1 1 6.905252
2670 1 1 6.905252
900 2 2 6.499787
318 1 1 6.905252
745 9 9 5.295814
25 21 21 4.507357
171 17 17 4.708028
1155 1 1 6.905252
2739 2 2 6.499787
127 25 25 4.340303
703 17 17 4.708028
1241 1 1 6.905252
987 1 1 6.905252
390 29 27 4.266195
1485 1 1 6.905252
1698 2 1 6.905252
124 42 41 3.860730
48 14 14 4.890349
2060 1 1 6.905252
3154 1 1 6.905252
1672 2 2 6.499787
106 4 4 5.988961
218 6 6 5.652489
2480 1 1 6.905252
3153 1 1 6.905252
1613 1 1 6.905252
1401 6 6 5.652489
567 3 3 6.212105
659 9 8 5.401175
1484 15 14 4.890349
2882 1 1 6.905252
2613 1 1 6.905252
1194 3 3 6.212105
817 9 9 5.295814
306 29 28 4.231103
1610 1 1 6.905252
938 9 9 5.295814
2987 1 1 6.905252
96 1 1 6.905252
1592 1 1 6.905252
1789 1 1 6.905252
2317 1 1 6.905252
1090 1 1 6.905252
2736 1 1 6.905252
2314 2 2 6.499787
2500 2 2 6.499787
2237 1 1 6.905252
131 10 10 5.200504
587 2 2 6.499787
1061 9 9 5.295814
1186 3 3 6.212105
968 5 4 5.988961
2571 1 1 6.905252
734 2 2 6.499787
1770 2 2 6.499787
1979 1 1 6.905252
2195 3 3 6.212105
37 10 10 5.200504
142 2 2 6.499787
2805 1 1 6.905252
574 2 2 6.499787
1669 1 1 6.905252
3089 1 1 6.905252
314 5 5 5.806640
1180 9 9 5.295814
1399 1 1 6.905252
275 3 3 6.212105
63 1 1 6.905252
1571 4 4 5.988961
81 55 54 3.591066
1734 2 2 6.499787
347 9 9 5.295814
2866 2 2 6.499787
2267 1 1 6.905252
783 2 2 6.499787
480 1 1 6.905252
60 3 3 6.212105
863 18 18 4.653960
1832 5 5 5.806640
86 4 4 5.988961
1984 1 1 6.905252
1765 16 15 4.825811
1657 1 1 6.905252
1763 1 1 6.905252
905 32 32 4.101892
1816 1 1 6.905252
1373 2 2 6.499787
1122 3 3 6.212105
240 7 6 5.652489
2431 1 1 6.905252
1320 1 1 6.905252
2041 2 2 6.499787
3 4 4 5.988961
733 7 7 5.518958
2692 1 1 6.905252
110 4 4 5.988961
2664 1 1 6.905252
2245 1 1 6.905252
1549 4 4 5.988961
2069 1 1 6.905252
2676 2 2 6.499787
2833 1 1 6.905252
2780 3 2 6.499787
2900 1 1 6.905252
737 1 1 6.905252
1798 2 2 6.499787
1299 1 1 6.905252
2634 12 5 5.806640
2302 1 1 6.905252
204 1 1 6.905252
2095 2 2 6.499787
842 17 15 4.825811
1240 1 1 6.905252
88 3 3 6.212105
1991 2 2 6.499787
2097 1 1 6.905252
1663 2 2 6.499787
2783 2 2 6.499787
51 1 1 6.905252
2518 1 1 6.905252
1762 9 9 5.295814
3085 1 1 6.905252
2522 3 3 6.212105
3067 2 2 6.499787
916 3 3 6.212105
2992 2 2 6.499787
794 9 9 5.295814
1506 1 1 6.905252
865 3 3 6.212105
3037 1 1 6.905252
2446 1 1 6.905252
1946 1 1 6.905252
1839 9 9 5.295814
2915 1 1 6.905252
2475 2 2 6.499787
339 5 5 5.806640
1156 12 12 5.033450
151 1 1 6.905252
560 3 3 6.212105
753 1 1 6.905252
1174 1 1 6.905252
180 9 9 5.295814
619 1 1 6.905252
2896 1 1 6.905252
2080 2 2 6.499787
1594 9 8 5.401175
2330 1 1 6.905252
2091 2 2 6.499787
2130 1 1 6.905252
2037 1 1 6.905252
85 110 106 2.925570
1902 1 1 6.905252
366 2 2 6.499787
2321 1 1 6.905252
357 1 1 6.905252
1041 1 1 6.905252
2751 1 1 6.905252
1052 5 5 5.806640
458 3 3 6.212105
229 1 1 6.905252
2825 2 2 6.499787
2535 1 1 6.905252
120 2 2 6.499787
2249 1 1 6.905252
1570 5 4 5.988961
1474 2 2 6.499787
2415 1 1 6.905252
2327 3 3 6.212105
334 1 1 6.905252
887 1 1 6.905252
1290 2 2 6.499787
1208 2 2 6.499787
3143 1 1 6.905252
2800 2 2 6.499787
2346 1 1 6.905252
2985 1 1 6.905252
2485 1 1 6.905252
2141 1 1 6.905252
2479 2 2 6.499787
2005 3 3 6.212105
1581 3 3 6.212105
1105 7 6 5.652489
1013 2 2 6.499787
2146 5 4 5.988961
335 8 8 5.401175
697 1 1 6.905252
1143 9 9 5.295814
661 23 23 4.420345
1926 2 2 6.499787
2099 1 1 6.905252
2277 2 2 6.499787
1011 4 4 5.988961
828 2 2 6.499787
3028 2 2 6.499787
2288 1 1 6.905252
355 12 12 5.033450
2612 1 1 6.905252
1226 1 1 6.905252
453 31 28 4.231103
1906 4 3 6.212105
2151 1 1 6.905252
3132 1 1 6.905252
478 1 1 6.905252
691 2 2 6.499787
90 12 10 5.200504
581 2 2 6.499787
2881 1 1 6.905252
1766 1 1 6.905252
256 12 12 5.033450
1147 2 2 6.499787
541 1 1 6.905252
909 2 2 6.499787
1827 1 1 6.905252
2853 4 3 6.212105
881 4 4 5.988961
3114 1 1 6.905252
23 214 170 2.456736
3035 1 1 6.905252
286 1 1 6.905252
1518 2 2 6.499787
208 4 4 5.988961
1035 2 2 6.499787
679 1 1 6.905252
1835 3 3 6.212105
1500 2 2 6.499787
3058 1 1 6.905252
331 1 1 6.905252
1995 1 1 6.905252
701 1 1 6.905252
2154 1 1 6.905252
2917 1 1 6.905252
2075 2 2 6.499787
2792 2 2 6.499787
1136 13 13 4.959342
2701 2 2 6.499787
946 1 1 6.905252
2758 1 1 6.905252
877 16 15 4.825811
79 2 2 6.499787
420 1 1 6.905252
1426 2 2 6.499787
2734 1 1 6.905252
1847 1 1 6.905252
392 4 4 5.988961
804 3 2 6.499787
1051 4 4 5.988961
1521 2 2 6.499787
1523 1 1 6.905252
2491 1 1 6.905252
1260 5 5 5.806640
998 2 2 6.499787
1661 3 3 6.212105
915 3 3 6.212105
1440 1 1 6.905252
2712 1 1 6.905252
1111 1 1 6.905252
2171 1 1 6.905252
976 1 1 6.905252
109 52 48 3.706579
397 4 4 5.988961
814 2 2 6.499787
1854 2 2 6.499787
209 2 2 6.499787
1415 2 2 6.499787
731 1 1 6.905252
149 2 2 6.499787
1764 1 1 6.905252
1486 2 2 6.499787
754 1 1 6.905252
1425 4 4 5.988961
2812 1 1 6.905252
1312 4 4 5.988961
1409 1 1 6.905252
2258 1 1 6.905252
2794 2 2 6.499787
2261 1 1 6.905252
69 35 34 4.043051
725 3 3 6.212105
1590 1 1 6.905252
1867 1 1 6.905252
465 19 18 4.653960
1337 1 1 6.905252
2054 1 1 6.905252
1562 5 4 5.988961
853 4 4 5.988961
748 4 4 5.988961
1686 2 2 6.499787
2013 1 1 6.905252
1740 3 3 6.212105
2724 2 2 6.499787
1321 1 1 6.905252
1829 1 1 6.905252
3156 1 1 6.905252
2184 2 2 6.499787
2989 2 2 6.499787
638 3 3 6.212105
1294 1 1 6.905252
1636 1 1 6.905252
2225 1 1 6.905252
818 2 2 6.499787
104 31 31 4.132663
1124 1 1 6.905252
858 2 2 6.499787
986 17 17 4.708028
1365 1 1 6.905252
1405 1 1 6.905252
1350 1 1 6.905252
1431 3 3 6.212105
1266 2 2 6.499787
1179 1 1 6.905252
470 20 20 4.553877
4 1 1 6.905252
2443 1 1 6.905252
3060 1 1 6.905252
1711 2 2 6.499787
670 6 6 5.652489
277 1 1 6.905252
2940 1 1 6.905252
1920 2 2 6.499787
2334 3 3 6.212105
2507 1 1 6.905252
1421 2 2 6.499787
1656 3 3 6.212105
2304 4 4 5.988961
711 28 28 4.231103
1324 3 3 6.212105
569 2 2 6.499787
1418 2 2 6.499787
1267 1 1 6.905252
1882 2 2 6.499787
1123 1 1 6.905252
3076 1 1 6.905252
1503 1 1 6.905252
914 6 6 5.652489
1397 1 1 6.905252
395 1 1 6.905252
1904 4 4 5.988961
1120 9 9 5.295814
718 1 1 6.905252
2714 1 1 6.905252
1014 1 1 6.905252
1713 1 1 6.905252
153 1 1 6.905252
635 4 4 5.988961
3047 1 1 6.905252
830 16 14 4.890349
1828 2 2 6.499787
2168 1 1 6.905252
2320 1 1 6.905252
2533 2 2 6.499787
1112 2 2 6.499787
237 5 5 5.806640
1818 1 1 6.905252
892 10 10 5.200504
1005 2 2 6.499787
1200 2 2 6.499787
219 1 1 6.905252
1107 7 7 5.518958
1794 3 3 6.212105
1054 1 1 6.905252
1108 2 2 6.499787
2508 1 1 6.905252
30 31 29 4.197202
422 1 1 6.905252
2855 2 2 6.499787
1777 2 2 6.499787
2580 1 1 6.905252
1850 2 2 6.499787
2660 2 2 6.499787
3162 2 2 6.499787
2143 2 2 6.499787
1076 7 7 5.518958
1115 4 4 5.988961
272 12 9 5.295814
2673 1 1 6.905252
1695 2 2 6.499787
2052 2 2 6.499787
3045 1 1 6.905252
2368 1 1 6.905252
2974 1 1 6.905252
3113 1 1 6.905252
1449 2 2 6.499787
644 4 4 5.988961
3102 1 1 6.905252
3008 3 2 6.499787
954 1 1 6.905252
58 4 4 5.988961
962 2 2 6.499787
878 5 5 5.806640
1971 5 5 5.806640
2008 1 1 6.905252
3092 1 1 6.905252
2677 1 1 6.905252
1424 6 6 5.652489
288 1 1 6.905252
2609 3 3 6.212105
584 2 2 6.499787
1519 1 1 6.905252
1170 4 4 5.988961
28 8 8 5.401175
973 3 2 6.499787
1361 1 1 6.905252
1811 1 1 6.905252
3013 1 1 6.905252
1012 2 2 6.499787
1101 1 1 6.905252
1992 1 1 6.905252
2524 1 1 6.905252
2487 1 1 6.905252
3007 1 1 6.905252
2396 3 3 6.212105
485 2 2 6.499787
1651 1 1 6.905252
1369 2 2 6.499787
1701 1 1 6.905252
1644 7 6 5.652489
722 2 2 6.499787
602 1 1 6.905252
776 7 7 5.518958
2129 4 3 6.212105
2754 1 1 6.905252
2287 1 1 6.905252
1389 4 4 5.988961
2203 1 1 6.905252
152 1 1 6.905252
2545 2 2 6.499787
2442 1 1 6.905252
2190 2 2 6.499787
3034 1 1 6.905252
675 1 1 6.905252
1822 1 1 6.905252
2061 1 1 6.905252
2610 1 1 6.905252
2916 1 1 6.905252
932 4 4 5.988961
441 5 5 5.806640
1655 2 2 6.499787
2293 1 1 6.905252
673 1 1 6.905252
134 44 41 3.860730
222 2 2 6.499787
7 2 2 6.499787
2229 1 1 6.905252
1109 3 3 6.212105
3065 1 1 6.905252
576 1 1 6.905252
1647 1 1 6.905252
1376 6 6 5.652489
2749 1 1 6.905252
1749 4 4 5.988961
3150 2 2 6.499787
920 5 5 5.806640
489 4 4 5.988961
1430 1 1 6.905252
265 1 1 6.905252
2961 3 3 6.212105
959 6 6 5.652489
129 24 24 4.379524
2398 1 1 6.905252
1925 2 2 6.499787
2014 1 1 6.905252
1881 2 2 6.499787
2255 2 2 6.499787
1272 2 2 6.499787
985 1 1 6.905252
1502 1 1 6.905252
2104 1 1 6.905252
677 1 1 6.905252
436 12 11 5.113493
1212 2 2 6.499787
1184 1 1 6.905252
2376 1 1 6.905252
1265 2 2 6.499787
1781 4 4 5.988961
278 5 5 5.806640
1738 1 1 6.905252
1631 1 1 6.905252
972 3 3 6.212105
859 3 3 6.212105
112 9 9 5.295814
760 1 1 6.905252
1100 1 1 6.905252
620 3 3 6.212105
2459 1 1 6.905252
1021 2 2 6.499787
572 1 1 6.905252
768 16 16 4.765186
3022 3 2 6.499787
815 1 1 6.905252
2593 1 1 6.905252
2560 2 2 6.499787
1093 1 1 6.905252
2810 1 1 6.905252
687 5 5 5.806640
926 1 1 6.905252
285 2 2 6.499787
303 9 9 5.295814
1665 2 2 6.499787
287 1 1 6.905252
1443 1 1 6.905252
1466 1 1 6.905252
1438 1 1 6.905252
2557 1 1 6.905252
2279 2 2 6.499787
2878 1 1 6.905252
1282 1 1 6.905252
692 1 1 6.905252
2175 2 2 6.499787
3012 2 2 6.499787
320 1 1 6.905252
707 5 5 5.806640
1687 2 2 6.499787
2606 1 1 6.905252
1138 1 1 6.905252
875 11 11 5.113493
1154 3 3 6.212105
507 1 1 6.905252
2829 2 2 6.499787
787 4 4 5.988961
1412 2 2 6.499787
2211 2 2 6.499787
154 1 1 6.905252
2029 2 2 6.499787
3050 1 1 6.905252
1893 1 1 6.905252
1637 3 3 6.212105
1879 2 2 6.499787
2136 2 2 6.499787
832 4 4 5.988961
52 15 15 4.825811
2585 1 1 6.905252
988 2 2 6.499787
2122 2 2 6.499787
497 7 7 5.518958
927 7 7 5.518958
1119 1 1 6.905252
308 1 1 6.905252
2782 1 1 6.905252
2952 1 1 6.905252
1603 9 9 5.295814
1735 2 1 6.905252
2815 1 1 6.905252
595 2 2 6.499787
194 31 30 4.164412
2155 5 5 5.806640
1040 1 1 6.905252
2753 1 1 6.905252
115 1 1 6.905252
1006 1 1 6.905252
2923 1 1 6.905252
1927 2 2 6.499787
2935 1 1 6.905252
1697 3 3 6.212105
860 1 1 6.905252
1932 1 1 6.905252
535 13 13 4.959342
1498 2 2 6.499787
2570 1 1 6.905252
955 3 3 6.212105
2732 1 1 6.905252
1096 2 2 6.499787
1797 1 1 6.905252
1746 1 1 6.905252
2451 1 1 6.905252
419 2 2 6.499787
1084 5 5 5.806640
405 4 4 5.988961
532 6 6 5.652489
210 3 3 6.212105
2286 2 2 6.499787
3107 2 2 6.499787
281 3 2 6.499787
216 9 9 5.295814
855 2 2 6.499787
2089 1 1 6.905252
729 1 1 6.905252
311 5 5 5.806640
1691 4 4 5.988961
2703 1 1 6.905252
1232 2 2 6.499787
1670 2 1 6.905252
466 1 1 6.905252
1628 1 1 6.905252
496 8 8 5.401175
2698 4 2 6.499787
2727 4 4 5.988961
2781 2 2 6.499787
1737 4 4 5.988961
2797 2 2 6.499787
565 9 9 5.295814
1038 10 9 5.295814
1913 1 1 6.905252
2433 2 2 6.499787
2137 3 2 6.499787
2219 4 2 6.499787
695 3 3 6.212105
1745 1 1 6.905252
269 1 1 6.905252
2755 1 1 6.905252
1344 2 2 6.499787
2307 4 4 5.988961
513 1 1 6.905252
2226 2 2 6.499787
447 3 3 6.212105
3006 1 1 6.905252
790 7 7 5.518958
1149 4 4 5.988961
1955 2 2 6.499787
894 3 3 6.212105
897 3 3 6.212105
2275 1 1 6.905252
2735 1 1 6.905252
1404 1 1 6.905252
1016 2 2 6.499787
1550 2 1 6.905252
1780 1 1 6.905252
3056 2 2 6.499787
2836 1 1 6.905252
2765 1 1 6.905252
2566 3 3 6.212105
1497 4 4 5.988961
2326 2 2 6.499787
503 3 3 6.212105
206 9 8 5.401175
1273 6 6 5.652489
159 1 1 6.905252
2523 1 1 6.905252
1106 5 5 5.806640
603 7 7 5.518958
845 2 2 6.499787
241 9 9 5.295814
2259 1 1 6.905252
2748 1 1 6.905252
1876 3 3 6.212105
2363 1 1 6.905252
1605 2 2 6.499787
1859 1 1 6.905252
471 4 4 5.988961
2775 1 1 6.905252
462 20 20 4.553877
1270 7 7 5.518958
2830 1 1 6.905252
1075 1 1 6.905252
2125 1 1 6.905252
2699 1 1 6.905252
2197 1 1 6.905252
903 6 4 5.988961
1396 1 1 6.905252
2322 4 4 5.988961
2331 1 1 6.905252
1223 1 1 6.905252
2696 1 1 6.905252
189 4 4 5.988961
948 9 9 5.295814
3014 1 1 6.905252
961 4 4 5.988961
1255 2 2 6.499787
803 8 8 5.401175
2453 2 2 6.499787
451 1 1 6.905252
773 2 2 6.499787
1015 4 4 5.988961
2646 2 2 6.499787
3091 1 1 6.905252
2405 1 1 6.905252
2406 1 1 6.905252
1019 1 1 6.905252
1588 2 2 6.499787
1392 6 6 5.652489
1792 1 1 6.905252
1230 1 1 6.905252
1866 1 1 6.905252
83 16 16 4.765186
1336 1 1 6.905252
637 1 1 6.905252
1073 3 3 6.212105
3029 1 1 6.905252
2387 4 4 5.988961
2680 6 6 5.652489
1607 2 2 6.499787
669 1 1 6.905252
1674 2 2 6.499787
352 3 3 6.212105
2268 3 2 6.499787
1652 2 2 6.499787
95 58 58 3.520862
488 4 4 5.988961
1575 2 2 6.499787
2778 1 1 6.905252
1094 3 3 6.212105
68 2 2 6.499787
1511 1 1 6.905252
257 4 4 5.988961
2022 1 1 6.905252
1678 1 1 6.905252
333 1 1 6.905252
1368 2 2 6.499787
2378 2 2 6.499787
300 3 3 6.212105
1026 4 4 5.988961
1224 1 1 6.905252
2397 1 1 6.905252
1118 2 2 6.499787
1446 3 3 6.212105
2873 3 3 6.212105
548 1 1 6.905252
197 20 19 4.602667
1204 3 3 6.212105
2991 1 1 6.905252
2615 1 1 6.905252
1752 7 7 5.518958
1739 1 1 6.905252
1514 5 5 5.806640
2391 2 2 6.499787
2064 2 2 6.499787
2956 2 2 6.499787
2776 2 2 6.499787
2745 1 1 6.905252
2447 1 1 6.905252
2347 2 2 6.499787
1875 1 1 6.905252
1307 1 1 6.905252
472 2 2 6.499787
2667 1 1 6.905252
1385 2 2 6.499787
309 1 1 6.905252
736 7 7 5.518958
2421 1 1 6.905252
271 1 1 6.905252
657 4 3 6.212105
2773 1 1 6.905252
3163 1 1 6.905252
252 5 5 5.806640
476 21 21 4.507357
1228 1 1 6.905252
1482 1 1 6.905252
682 11 10 5.200504
879 1 1 6.905252
235 2 2 6.499787
2731 1 1 6.905252
105 13 13 4.959342
3020 1 1 6.905252
1976 1 1 6.905252
54 5 5 5.806640
417 3 3 6.212105
2746 1 1 6.905252
1779 1 1 6.905252
2860 2 2 6.499787
795 3 3 6.212105
138 4 4 5.988961
432 1 1 6.905252
738 1 1 6.905252
325 1 1 6.905252
2576 1 1 6.905252
1923 1 1 6.905252
139 9 9 5.295814
2874 1 1 6.905252
3070 2 2 6.499787
1891 1 1 6.905252
821 1 1 6.905252
1642 1 1 6.905252
1561 1 1 6.905252
282 2 2 6.499787
1853 2 2 6.499787
44 57 57 3.537956
1297 2 2 6.499787
36 7 7 5.518958
1540 5 5 5.806640
2938 2 2 6.499787
1755 2 2 6.499787
2159 1 1 6.905252
370 3 3 6.212105
816 2 2 6.499787
577 1 1 6.905252
2603 3 3 6.212105
169 1 1 6.905252
2517 1 1 6.905252
2816 1 1 6.905252
521 1 1 6.905252
780 1 1 6.905252
1069 2 2 6.499787
71 2 1 6.905252
254 1 1 6.905252
2354 1 1 6.905252
1033 1 1 6.905252
1407 1 1 6.905252
1037 1 1 6.905252
2290 1 1 6.905252
2501 3 3 6.212105
2695 1 1 6.905252
749 4 4 5.988961
708 14 12 5.033450
3103 1 1 6.905252
2629 1 1 6.905252
793 1 1 6.905252
719 2 2 6.499787
660 2 2 6.499787
716 10 10 5.200504
2196 4 2 6.499787
494 4 4 5.988961
3155 1 1 6.905252
56 9 9 5.295814
555 15 11 5.113493
362 1 1 6.905252
952 1 1 6.905252
2931 1 1 6.905252
2036 2 2 6.499787
2595 2 2 6.499787
890 4 4 5.988961
1203 2 2 6.499787
1262 2 2 6.499787
175 2 2 6.499787
2375 5 5 5.806640
2414 2 2 6.499787
2906 1 1 6.905252
26 2 2 6.499787
2034 1 1 6.905252
1060 8 8 5.401175
291 6 6 5.652489
1098 2 2 6.499787
359 4 2 6.499787
1359 2 2 6.499787
1837 1 1 6.905252
2684 1 1 6.905252
1834 5 5 5.806640
1851 3 3 6.212105
1930 2 2 6.499787
188 1 1 6.905252
1374 1 1 6.905252
940 8 8 5.401175
280 8 8 5.401175
975 5 4 5.988961
2134 2 2 6.499787
3062 1 1 6.905252
678 2 2 6.499787
1314 5 5 5.806640
2747 1 1 6.905252
2509 1 1 6.905252
2101 1 1 6.905252
2084 1 1 6.905252
1903 4 4 5.988961
3049 1 1 6.905252
2187 1 1 6.905252
2579 1 1 6.905252
3120 1 1 6.905252
2819 4 4 5.988961
40 19 17 4.708028
2147 2 2 6.499787
854 2 2 6.499787
573 40 36 3.987481
717 2 2 6.499787
263 22 20 4.553877
1183 1 1 6.905252
552 2 2 6.499787
1081 1 1 6.905252
213 10 10 5.200504
312 1 1 6.905252
1922 1 1 6.905252
801 3 3 6.212105
2934 1 1 6.905252
247 57 57 3.537956
125 2 2 6.499787
1803 2 2 6.499787
1953 2 2 6.499787
1804 2 1 6.905252
997 3 3 6.212105
1237 4 4 5.988961
582 6 5 5.806640
1667 5 5 5.806640
621 2 2 6.499787
1990 2 2 6.499787
2449 3 2 6.499787
3033 1 1 6.905252
672 2 2 6.499787
1622 1 1 6.905252
220 5 5 5.806640
2440 1 1 6.905252
2042 2 2 6.499787
706 7 7 5.518958
374 12 11 5.113493
1969 4 4 5.988961
341 7 7 5.518958
2213 2 2 6.499787
1980 3 3 6.212105
3094 1 1 6.905252
1306 4 4 5.988961
33 3 3 6.212105
2929 1 1 6.905252
1809 3 3 6.212105
1539 1 1 6.905252
2300 1 1 6.905252
1988 1 1 6.905252
2093 1 1 6.905252
196 1 1 6.905252
1077 1 1 6.905252
1142 2 2 6.499787
2965 1 1 6.905252
2723 1 1 6.905252
185 19 18 4.653960
520 1 1 6.905252
1313 2 2 6.499787
2766 1 1 6.905252
1616 1 1 6.905252
757 7 7 5.518958
1855 3 2 6.499787
963 1 1 6.905252
2877 3 3 6.212105
1251 2 2 6.499787
1742 1 1 6.905252
326 4 4 5.988961
2018 1 1 6.905252
1863 3 3 6.212105
163 1 1 6.905252
2027 1 1 6.905252
2807 2 2 6.499787
1723 2 2 6.499787
769 16 14 4.890349
479 4 4 5.988961
168 8 8 5.401175
498 4 3 6.212105
212 6 6 5.652489
2796 1 1 6.905252
1892 2 2 6.499787
2482 1 1 6.905252
1367 2 2 6.499787
1004 6 6 5.652489
2123 3 3 6.212105
2852 2 2 6.499787
1693 6 6 5.652489
2584 2 2 6.499787
970 1 1 6.905252
2574 3 3 6.212105
1470 2 2 6.499787
2525 1 1 6.905252
902 3 3 6.212105
2971 1 1 6.905252
640 8 8 5.401175
1354 1 1 6.905252
1793 1 1 6.905252
2319 2 1 6.905252
3077 2 2 6.499787
2526 2 2 6.499787
2006 5 5 5.806640
1000 5 5 5.806640
2263 1 1 6.905252
499 1 1 6.905252
3135 1 1 6.905252
1707 2 2 6.499787
301 31 31 4.132663
1480 3 3 6.212105
1526 5 5 5.806640
1423 2 2 6.499787
1068 3 3 6.212105
1476 1 1 6.905252
1696 1 1 6.905252
562 3 3 6.212105
646 2 2 6.499787
2306 2 2 6.499787
812 4 4 5.988961
475 4 4 5.988961
2318 3 3 6.212105
1849 1 1 6.905252
1961 2 2 6.499787
2217 2 2 6.499787
3046 2 2 6.499787
829 2 2 6.499787
2012 1 1 6.905252
2435 1 1 6.905252
1522 2 2 6.499787
2461 1 1 6.905252
1341 2 2 6.499787
92 1 1 6.905252
3023 1 1 6.905252
191 9 9 5.295814
394 2 2 6.499787
1082 10 10 5.200504
2869 1 1 6.905252
2880 7 4 5.988961
893 5 5 5.806640
2481 1 1 6.905252
1065 5 4 5.988961
1546 4 4 5.988961
3109 1 1 6.905252
1146 2 2 6.499787
123 13 11 5.113493
2674 4 4 5.988961
2234 2 2 6.499787
626 14 14 4.890349
2312 1 1 6.905252
751 2 2 6.499787
1334 2 2 6.499787
398 4 4 5.988961
590 1 1 6.905252
1387 2 2 6.499787
100 1 1 6.905252
2471 2 2 6.499787
2085 4 3 6.212105
1378 1 1 6.905252
1786 2 2 6.499787
1127 3 3 6.212105
2031 2 2 6.499787
3097 1 1 6.905252
1908 1 1 6.905252
193 2 2 6.499787
2119 1 1 6.905252
80 13 13 4.959342
510 3 3 6.212105
2972 1 1 6.905252
2997 1 1 6.905252
2466 1 1 6.905252
76 4 4 5.988961
1163 2 2 6.499787
1645 1 1 6.905252
912 2 2 6.499787
427 1 1 6.905252
2631 1 1 6.905252
1680 3 3 6.212105
2284 6 6 5.652489
440 12 12 5.033450
1231 4 4 5.988961
2742 1 1 6.905252
1227 1 1 6.905252
930 1 1 6.905252
2581 1 1 6.905252
173 1 1 6.905252
2894 1 1 6.905252
1600 1 1 6.905252
1465 1 1 6.905252
1036 4 4 5.988961
1909 1 1 6.905252
2434 3 3 6.212105
3001 1 1 6.905252
2349 2 2 6.499787
1760 1 1 6.905252
3148 1 1 6.905252
439 2 2 6.499787
1553 1 1 6.905252
2820 2 2 6.499787
1379 1 1 6.905252
2845 1 1 6.905252
1293 1 1 6.905252
2025 2 2 6.499787
1452 5 4 5.988961
1471 2 2 6.499787
2661 1 1 6.905252
260 2 2 6.499787
847 1 1 6.905252
935 5 5 5.806640
1481 1 1 6.905252
1097 1 1 6.905252
545 2 2 6.499787
870 5 5 5.806640
1416 3 3 6.212105
1258 1 1 6.905252
2996 1 1 6.905252
2297 3 3 6.212105
410 1 1 6.905252
967 6 6 5.652489
774 5 5 5.806640
1773 1 1 6.905252
2251 3 3 6.212105
989 4 3 6.212105
624 6 6 5.652489
525 2 2 6.499787
198 1 1 6.905252
1787 3 3 6.212105
2295 1 1 6.905252
1148 8 8 5.401175
2000 6 6 5.652489
1595 1 1 6.905252
671 1 1 6.905252
694 4 4 5.988961
2871 4 2 6.499787
623 1 1 6.905252
41 19 18 4.653960
156 1 1 6.905252
97 2 2 6.499787
1210 3 3 6.212105
1775 2 2 6.499787
597 1 1 6.905252
2809 2 2 6.499787
2511 2 2 6.499787
1846 1 1 6.905252
2126 1 1 6.905252
953 4 4 5.988961
1451 1 1 6.905252
1564 1 1 6.905252
2455 3 3 6.212105
709 2 2 6.499787
2685 1 1 6.905252
1187 2 2 6.499787
1246 4 3 6.212105
264 2 2 6.499787
3104 2 2 6.499787
698 3 3 6.212105
2843 2 2 6.499787
2933 1 1 6.905252
2423 1 1 6.905252
2067 1 1 6.905252
1801 1 1 6.905252
2975 1 1 6.905252
342 1 1 6.905252
258 2 2 6.499787
693 3 3 6.212105
2726 1 1 6.905252
2967 1 1 6.905252
1395 1 1 6.905252
1901 1 1 6.905252
2607 1 1 6.905252
2382 1 1 6.905252
2274 5 5 5.806640
2668 1 1 6.905252
2538 2 2 6.499787
93 4 4 5.988961
2492 1 1 6.905252
2785 1 1 6.905252
2127 3 3 6.212105
2240 2 2 6.499787
2072 2 2 6.499787
2826 1 1 6.905252
585 3 3 6.212105
349 23 22 4.462905
1318 3 2 6.499787
837 2 2 6.499787
1864 2 2 6.499787
650 1 1 6.905252
2683 2 2 6.499787
1491 1 1 6.905252
1225 2 2 6.499787
3080 1 1 6.905252
2599 3 3 6.212105
3131 1 1 6.905252
223 1 1 6.905252
980 1 1 6.905252
1417 1 1 6.905252
1198 17 16 4.765186
2666 1 1 6.905252
1509 1 1 6.905252
876 5 4 5.988961
2883 1 1 6.905252
2015 2 2 6.499787
2586 1 1 6.905252
2070 2 2 6.499787
2650 1 1 6.905252
82 3 3 6.212105
448 8 7 5.518958
1222 1 1 6.905252
2857 1 1 6.905252
1767 2 2 6.499787
2590 1 1 6.905252
1611 1 1 6.905252
1582 9 7 5.518958
1788 3 3 6.212105
371 3 3 6.212105
454 4 4 5.988961
1172 2 2 6.499787
1517 5 3 6.212105
2291 1 1 6.905252
1238 2 2 6.499787
544 1 1 6.905252
329 6 4 5.988961
730 3 3 6.212105
1615 3 3 6.212105
2152 1 1 6.905252
1259 1 1 6.905252
992 1 1 6.905252
896 2 2 6.499787
1871 2 2 6.499787
8 13 13 4.959342
2278 2 2 6.499787
2248 1 1 6.905252
2242 3 2 6.499787
2662 1 1 6.905252
2351 1 1 6.905252
1810 3 3 6.212105
1917 3 3 6.212105
1748 2 2 6.499787
2611 1 1 6.905252
2950 1 1 6.905252
1178 2 2 6.499787
688 1 1 6.905252
2218 1 1 6.905252
1572 7 7 5.518958
2079 1 1 6.905252
1113 2 2 6.499787
1319 2 2 6.499787
442 4 4 5.988961
2706 1 1 6.905252
2450 1 1 6.905252
1905 2 2 6.499787
2100 1 1 6.905252
1843 6 6 5.652489
2462 1 1 6.905252
2911 1 1 6.905252
49 12 11 5.113493
2096 2 2 6.499787
549 4 4 5.988961
2296 3 3 6.212105
2693 1 1 6.905252
982 9 7 5.518958
3160 1 1 6.905252
2889 1 1 6.905252
2844 2 2 6.499787
2655 1 1 6.905252
2049 1 1 6.905252
2527 1 1 6.905252
884 1 1 6.905252
3081 1 1 6.905252
2504 1 1 6.905252
1716 2 2 6.499787
1382 2 2 6.499787
1380 3 2 6.499787
1604 1 1 6.905252
762 1 1 6.905252
561 1 1 6.905252
1281 6 6 5.652489
3145 1 1 6.905252
1009 2 2 6.499787
243 10 10 5.200504
2039 1 1 6.905252
2167 2 2 6.499787
3057 2 2 6.499787
3040 2 2 6.499787
3068 2 2 6.499787
1559 1 1 6.905252
598 5 5 5.806640
2954 1 1 6.905252
2563 1 1 6.905252
1997 1 1 6.905252
714 1 1 6.905252
190 8 8 5.401175
2088 1 1 6.905252
1679 3 3 6.212105
1276 1 1 6.905252
1411 1 1 6.905252
474 4 4 5.988961
1165 7 7 5.518958
1943 2 2 6.499787
2499 1 1 6.905252
1823 4 4 5.988961
1193 2 2 6.499787
444 2 2 6.499787
1079 5 4 5.988961
9 33 31 4.132663
1682 1 1 6.905252
2301 2 2 6.499787
1924 1 1 6.905252
15 5 4 5.988961
319 18 17 4.708028
2445 1 1 6.905252
588 1 1 6.905252
1634 1 1 6.905252
187 2 2 6.499787
600 3 3 6.212105
1381 2 2 6.499787
1207 1 1 6.905252
2395 1 1 6.905252
2239 1 1 6.905252
808 25 23 4.420345
527 3 3 6.212105
1301 1 1 6.905252
2831 1 1 6.905252
696 5 5 5.806640
3086 1 1 6.905252
1437 1 1 6.905252
2918 1 1 6.905252
524 7 7 5.518958
2953 2 2 6.499787
1164 2 2 6.499787
2407 3 3 6.212105
2921 1 1 6.905252
1468 3 3 6.212105
1080 1 1 6.905252
1699 1 1 6.905252
2385 2 1 6.905252
1757 1 1 6.905252
944 2 2 6.499787
3018 2 2 6.499787
1151 1 1 6.905252
2738 2 2 6.499787
1202 1 1 6.905252
1527 2 2 6.499787
19 2 2 6.499787
2813 1 1 6.905252
2842 2 2 6.499787
1304 2 2 6.499787
1759 5 4 5.988961
1249 1 1 6.905252
1831 3 3 6.212105
3044 3 2 6.499787
251 3 2 6.499787
2176 2 2 6.499787
1768 1 1 6.905252
1880 2 2 6.499787
1450 2 2 6.499787
2148 1 1 6.905252
2945 1 1 6.905252
1756 1 1 6.905252
2030 2 2 6.499787
2789 2 2 6.499787
1552 1 1 6.905252
2822 1 1 6.905252
2848 1 1 6.905252
1848 1 1 6.905252
1972 2 2 6.499787
1660 3 3 6.212105
386 4 3 6.212105
2094 2 2 6.499787
137 10 10 5.200504
2976 1 1 6.905252
2960 1 1 6.905252
2708 1 1 6.905252
1970 1 1 6.905252
3073 2 2 6.499787
2473 2 2 6.499787
2007 1 1 6.905252
2156 1 1 6.905252
2937 1 1 6.905252
891 2 2 6.499787
2230 1 1 6.905252
1931 2 2 6.499787
2955 1 1 6.905252
2033 1 1 6.905252
1641 3 3 6.212105
1048 1 1 6.905252
57 2 2 6.499787
2959 1 1 6.905252
2657 1 1 6.905252
101 15 14 4.890349
1408 2 2 6.499787
2543 1 1 6.905252
113 8 8 5.401175
1089 1 1 6.905252
2339 1 1 6.905252
3066 2 2 6.499787
2756 1 1 6.905252
2241 1 1 6.905252
383 9 9 5.295814
2076 1 1 6.905252
923 1 1 6.905252
2865 3 3 6.212105
2464 2 2 6.499787
1597 1 1 6.905252
2687 1 1 6.905252
2750 2 2 6.499787
2161 1 1 6.905252
1488 1 1 6.905252
426 1 1 6.905252
3041 1 1 6.905252
385 38 36 3.987481
2142 1 1 6.905252
1245 11 11 5.113493
2981 2 2 6.499787
1316 6 6 5.652489
1807 2 2 6.499787
2902 1 1 6.905252
2757 1 1 6.905252
1942 3 3 6.212105
2879 1 1 6.905252
2885 1 1 6.905252
797 1 1 6.905252
1912 1 1 6.905252
3032 2 2 6.499787
888 3 2 6.499787
1978 1 1 6.905252
899 1 1 6.905252
1175 7 7 5.518958
2381 1 1 6.905252
1612 2 2 6.499787
3011 3 3 6.212105
2510 2 2 6.499787
2548 3 3 6.212105
557 14 14 4.890349
2862 2 2 6.499787
2694 1 1 6.905252
1677 5 5 5.806640
1002 2 2 6.499787
289 1 1 6.905252
1838 1 1 6.905252
2652 2 2 6.499787
330 20 20 4.553877
1206 2 2 6.499787
1233 2 2 6.499787
1157 8 8 5.401175
162 21 21 4.507357
2383 2 2 6.499787
791 4 4 5.988961
2924 1 1 6.905252
2515 1 1 6.905252
2867 3 3 6.212105
290 5 4 5.988961
901 1 1 6.905252
61 3 2 6.499787
1727 2 2 6.499787
2859 2 2 6.499787
1171 5 5 5.806640
2193 4 3 6.212105
1962 2 1 6.905252
1274 4 4 5.988961
116 33 32 4.101892
1520 3 3 6.212105
1305 9 8 5.401175
1351 1 1 6.905252
1516 2 2 6.499787
1309 3 3 6.212105
592 10 9 5.295814
2601 1 1 6.905252
835 1 1 6.905252
2250 1 1 6.905252
680 3 3 6.212105
645 1 1 6.905252
274 7 7 5.518958
1916 5 5 5.806640
358 23 23 4.420345
839 11 10 5.200504
841 7 7 5.518958
1070 4 4 5.988961
2138 2 2 6.499787
2502 2 2 6.499787
226 14 14 4.890349
765 14 13 4.959342
486 4 4 5.988961
1579 1 1 6.905252
1235 2 2 6.499787
2941 1 1 6.905252
668 1 1 6.905252
622 1 1 6.905252
273 1 1 6.905252
2062 2 2 6.499787
728 1 1 6.905252
2164 1 1 6.905252
245 1 1 6.905252
165 49 49 3.686376
1812 1 1 6.905252
2957 1 1 6.905252
27 9 9 5.295814
34 19 18 4.653960
491 2 2 6.499787
1515 3 2 6.499787
336 14 14 4.890349
1071 14 14 4.890349
690 2 2 6.499787
1939 2 2 6.499787
2086 2 1 6.905252
1229 1 1 6.905252
2771 1 1 6.905252
2838 2 2 6.499787
2632 1 1 6.905252
387 2 2 6.499787
802 3 3 6.212105
2233 1 1 6.905252
1467 4 4 5.988961
1769 2 2 6.499787
1020 1 1 6.905252
1956 2 2 6.499787
192 7 7 5.518958
2858 3 3 6.212105
1741 2 1 6.905252
2614 1 1 6.905252
1141 3 3 6.212105
919 5 5 5.806640
2057 1 1 6.905252
744 17 15 4.825811
1445 1 1 6.905252
2709 1 1 6.905252
2761 1 1 6.905252
1842 1 1 6.905252
2568 1 1 6.905252
2231 1 1 6.905252
2645 2 2 6.499787
2174 3 3 6.212105
2962 1 1 6.905252
1702 1 1 6.905252
647 5 5 5.806640
2177 1 1 6.905252
1578 10 10 5.200504
1598 2 2 6.499787
200 4 4 5.988961
178 2 2 6.499787
533 10 10 5.200504
1785 3 3 6.212105
111 1 1 6.905252
2448 1 1 6.905252
1248 3 2 6.499787
457 23 23 4.420345
2208 2 2 6.499787
2106 1 1 6.905252
1508 2 2 6.499787
1852 1 1 6.905252
526 3 3 6.212105
2335 1 1 6.905252
2647 1 1 6.905252
1532 2 2 6.499787
2969 2 2 6.499787
2622 1 1 6.905252
2536 1 1 6.905252
18 6 6 5.652489
2328 1 1 6.905252
611 3 3 6.212105
1623 8 8 5.401175
3111 1 1 6.905252
284 2 2 6.499787
1493 14 14 4.890349
2555 1 1 6.905252
1888 2 2 6.499787
2653 2 2 6.499787
1490 2 2 6.499787
1275 1 1 6.905252
356 6 6 5.652489
2925 1 1 6.905252
1256 2 2 6.499787
1176 10 9 5.295814
1833 1 1 6.905252
2681 1 1 6.905252
936 4 3 6.212105
563 5 5 5.806640
1102 2 2 6.499787
724 7 7 5.518958
519 1 1 6.905252
908 2 2 6.499787
1648 4 4 5.988961
2427 1 1 6.905252
297 30 30 4.164412
1134 4 4 5.988961
1557 1 1 6.905252
3108 1 1 6.905252
2181 2 2 6.499787
2993 1 1 6.905252
3105 1 1 6.905252
1133 7 7 5.518958
883 2 2 6.499787
1690 1 1 6.905252
1732 1 1 6.905252
3043 1 1 6.905252
2220 1 1 6.905252
1456 2 2 6.499787
614 4 4 5.988961
227 2 2 6.499787
2419 3 3 6.212105
957 2 2 6.499787
1332 1 1 6.905252
393 19 19 4.602667
2849 1 1 6.905252
1653 2 2 6.499787
636 1 1 6.905252
1479 2 2 6.499787
446 2 1 6.905252
1167 5 5 5.806640
1475 1 1 6.905252
2770 1 1 6.905252
293 2 2 6.499787
2063 2 2 6.499787
53 20 20 4.553877
1261 4 4 5.988961
1825 1 1 6.905252
1567 1 1 6.905252
1556 1 1 6.905252
2884 1 1 6.905252
1128 2 2 6.499787
2364 3 3 6.212105
2369 1 1 6.905252
1790 4 4 5.988961
2337 1 1 6.905252
225 12 12 5.033450
2235 1 1 6.905252
1580 2 2 6.499787
1317 1 1 6.905252
2173 2 2 6.499787
1620 1 1 6.905252
674 1 1 6.905252
2521 1 1 6.905252
20 1 1 6.905252
2467 1 1 6.905252
1531 1 1 6.905252
1043 1 1 6.905252
904 2 1 6.905252
712 1 1 6.905252
1114 2 2 6.499787
1560 1 1 6.905252
2352 1 1 6.905252
3051 1 1 6.905252
2808 2 2 6.499787
217 16 14 4.890349
1883 1 1 6.905252
580 1 1 6.905252
779 1 1 6.905252
3112 1 1 6.905252
2718 1 1 6.905252
2503 1 1 6.905252
1277 2 2 6.499787
2851 2 1 6.905252
445 17 15 4.825811
1322 1 1 6.905252
2068 1 1 6.905252
2740 1 1 6.905252
1709 2 2 6.499787
2777 2 2 6.499787
2417 1 1 6.905252
1428 1 1 6.905252
578 2 2 6.499787
2191 2 2 6.499787
2973 2 1 6.905252
1216 1 1 6.905252
35 2 2 6.499787
2630 1 1 6.905252
267 18 18 4.653960
2116 3 2 6.499787
423 11 11 5.113493
238 1 1 6.905252
2358 1 1 6.905252
800 2 2 6.499787
2605 2 1 6.905252
1199 17 17 4.708028
2542 1 1 6.905252
170 7 7 5.518958
3079 2 2 6.499787
2594 1 1 6.905252
739 9 9 5.295814
2705 1 1 6.905252
2591 1 1 6.905252
1681 1 1 6.905252
1427 1 1 6.905252
1907 1 1 6.905252
1252 1 1 6.905252
2837 1 1 6.905252
1534 1 1 6.905252
537 3 3 6.212105
2506 2 2 6.499787
1219 1 1 6.905252
1993 1 1 6.905252
1330 2 2 6.499787
400 16 16 4.765186
1513 5 5 5.806640
2298 3 2 6.499787
3078 2 2 6.499787
1895 1 1 6.905252
1441 2 1 6.905252
437 3 2 6.499787
1394 1 1 6.905252
1190 6 6 5.652489
2729 1 1 6.905252
2045 1 1 6.905252
438 2 2 6.499787
3125 1 1 6.905252
2779 2 2 6.499787
2768 2 2 6.499787
2410 2 2 6.499787
2790 1 1 6.905252
3016 2 2 6.499787
2021 2 2 6.499787
2389 5 4 5.988961
182 3 3 6.212105
1432 1 1 6.905252
3052 1 1 6.905252
2185 2 2 6.499787
119 2 2 6.499787
136 1 1 6.905252
882 2 2 6.499787
2454 2 2 6.499787
3098 2 2 6.499787
2214 2 2 6.499787
1720 2 2 6.499787
2009 2 2 6.499787
2153 2 2 6.499787
504 6 6 5.652489
2767 2 2 6.499787
2516 2 2 6.499787
1675 4 4 5.988961
2257 1 1 6.905252
2978 2 2 6.499787
1658 1 1 6.905252
1338 4 4 5.988961
2922 1 1 6.905252
412 1 1 6.905252
2228 1 1 6.905252
2583 1 1 6.905252
2561 3 3 6.212105
1873 3 3 6.212105
305 21 21 4.507357
74 1 1 6.905252
1402 4 4 5.988961
1872 1 1 6.905252
2254 1 1 6.905252
2722 2 2 6.499787
1584 2 2 6.499787
2323 1 1 6.905252
2092 2 2 6.499787
2979 1 1 6.905252
2256 3 2 6.499787
2635 1 1 6.905252
2316 2 2 6.499787
2642 1 1 6.905252
2678 2 2 6.499787
1704 2 2 6.499787
1027 4 4 5.988961
389 5 5 5.806640
2540 2 2 6.499787
2224 1 1 6.905252
1776 2 2 6.499787
617 3 3 6.212105
14 196 190 2.346126
2589 1 1 6.905252
2559 3 3 6.212105
586 10 10 5.200504
1782 1 1 6.905252
144 2 2 6.499787
2864 4 3 6.212105
1894 1 1 6.905252
126 3 3 6.212105
1092 2 2 6.499787
1878 2 2 6.499787
2637 14 5 5.806640
1981 6 6 5.652489
518 9 9 5.295814
1477 2 2 6.499787
1439 5 5 5.806640
3019 1 1 6.905252
2641 2 2 6.499787
2252 1 1 6.905252
1845 1 1 6.905252
819 4 4 5.988961
1618 2 2 6.499787
361 1 1 6.905252
62 1 1 6.905252
1736 1 1 6.905252
1975 1 1 6.905252
469 3 2 6.499787
2145 1 1 6.905252
147 1 1 6.905252
2546 1 1 6.905252
401 1 1 6.905252
1462 2 2 6.499787
1957 3 3 6.212105
2386 1 1 6.905252
1685 2 2 6.499787
2716 1 1 6.905252
1018 3 3 6.212105
1940 2 2 6.499787
2017 1 1 6.905252
2588 1 1 6.905252
1029 2 2 6.499787
1132 1 1 6.905252
1537 1 1 6.905252
2980 2 2 6.499787
2367 1 1 6.905252
3116 3 2 6.499787
2437 1 1 6.905252
1666 7 7 5.518958
160 14 14 4.890349
140 2 2 6.499787
2118 1 1 6.905252
1596 2 2 6.499787
1949 1 1 6.905252
1253 2 2 6.499787
1236 1 1 6.905252
2083 2 2 6.499787
1538 4 4 5.988961
918 1 1 6.905252
2066 1 1 6.905252
39 7 7 5.518958
396 12 12 5.033450
979 1 1 6.905252
1688 1 1 6.905252
1874 1 1 6.905252
1125 1 1 6.905252
2914 1 1 6.905252
1551 1 1 6.905252
1413 2 2 6.499787
743 7 6 5.652489
181 1 1 6.905252
2786 1 1 6.905252
3036 1 1 6.905252
2132 1 1 6.905252
2995 1 1 6.905252
2019 1 1 6.905252
1896 1 1 6.905252
984 1 1 6.905252
157 12 10 5.200504
495 1 1 6.905252
493 2 2 6.499787
848 1 1 6.905252
1244 9 9 5.295814
150 2 2 6.499787
3009 2 2 6.499787
1577 12 11 5.113493
2787 1 1 6.905252
941 2 2 6.499787
2834 2 2 6.499787
1046 2 2 6.499787
1435 1 1 6.905252
1591 2 2 6.499787
1987 1 1 6.905252
2719 1 1 6.905252
2281 1 1 6.905252
3093 1 1 6.905252
1 1 1 6.905252
2388 1 1 6.905252
135 9 9 5.295814
2047 4 4 5.988961
849 5 5 5.806640
1039 3 3 6.212105
1554 4 4 5.988961
579 1 1 6.905252
1733 1 1 6.905252
2408 2 2 6.499787
1308 6 6 5.652489
3069 2 2 6.499787
2413 1 1 6.905252
1352 1 1 6.905252
556 19 19 4.602667
2280 2 2 6.499787
2704 2 2 6.499787
2456 1 1 6.905252
2514 2 2 6.499787
429 1 1 6.905252
921 1 1 6.905252
1291 1 1 6.905252
481 1 1 6.905252
2682 2 2 6.499787
2639 1 1 6.905252
629 4 4 5.988961
2188 1 1 6.905252
2565 1 1 6.905252
294 1 1 6.905252
568 5 5 5.806640
2690 2 2 6.499787
2399 1 1 6.905252
2623 1 1 6.905252
1055 4 4 5.988961
1705 2 2 6.499787
866 1 1 6.905252
2547 3 3 6.212105
3027 2 2 6.499787
121 6 6 5.652489
1495 2 2 6.499787
1919 1 1 6.905252
2901 1 1 6.905252
1945 6 6 5.652489
1783 1 1 6.905252
956 6 6 5.652489
2121 1 1 6.905252
2353 1 1 6.905252
2784 1 1 6.905252
2114 4 4 5.988961
2192 1 1 6.905252
2311 2 2 6.499787
501 2 2 6.499787
522 2 2 6.499787
667 1 1 6.905252
89 4 4 5.988961
1296 1 1 6.905252
947 2 2 6.499787
344 7 6 5.652489
228 5 5 5.806640
2710 1 1 6.905252
1638 3 3 6.212105
1028 3 2 6.499787
99 3 3 6.212105
2303 1 1 6.905252
686 6 5 5.806640
232 1 1 6.905252
862 13 13 4.959342
1298 1 1 6.905252
1478 2 2 6.499787
75 70 65 3.408745
2236 2 2 6.499787
2183 2 2 6.499787
1362 3 3 6.212105
2597 2 2 6.499787
2876 2 2 6.499787
253 9 9 5.295814
2669 1 1 6.905252
2572 2 2 6.499787
268 19 17 4.708028
2702 2 2 6.499787
2110 2 2 6.499787
1303 3 3 6.212105
2920 1 1 6.905252
1861 6 5 5.806640
1221 2 2 6.499787
2243 1 1 6.905252
1110 2 2 6.499787
885 2 2 6.499787
348 3 3 6.212105
643 2 2 6.499787
327 15 13 4.959342
2269 3 3 6.212105
2733 1 1 6.905252
2053 1 1 6.905252
98 19 18 4.653960
1505 1 1 6.905252
354 2 2 6.499787
107 1 1 6.905252
639 1 1 6.905252
2686 1 1 6.905252
118 3 3 6.212105
1067 4 4 5.988961
2769 2 2 6.499787
993 1 1 6.905252
2598 2 2 6.499787
2970 1 1 6.905252
2341 1 1 6.905252
1328 3 3 6.212105
3072 1 1 6.905252
244 10 10 5.200504
186 1 1 6.905252
607 13 12 5.033450
1954 3 3 6.212105
2329 1 1 6.905252
373 5 5 5.806640
2472 2 2 6.499787
1349 2 2 6.499787
1668 2 2 6.499787
2912 1 1 6.905252
0 1 1 6.905252
3134 1 1 6.905252
2272 1 1 6.905252
2802 1 1 6.905252
1271 2 2 6.499787
2625 1 1 6.905252
775 8 8 5.401175
2841 1 1 6.905252
564 12 12 5.033450
414 4 3 6.212105
2982 1 1 6.905252
2285 6 2 6.499787
1808 1 1 6.905252
1433 2 2 6.499787
583 28 28 4.231103
3106 2 2 6.499787
2186 1 1 6.905252
1010 3 3 6.212105
1264 2 2 6.499787
3042 1 1 6.905252
763 3 3 6.212105
3121 1 1 6.905252
2222 1 1 6.905252
1865 1 1 6.905252
943 5 5 5.806640
2077 1 1 6.905252
2728 4 4 5.988961
2202 3 3 6.212105
2512 2 2 6.499787
455 20 20 4.553877
1692 1 1 6.905252
742 8 8 5.401175
250 1 1 6.905252
375 1 1 6.905252
380 1 1 6.905252
2371 2 2 6.499787
2897 2 2 6.499787
283 62 60 3.487525
846 7 7 5.518958
983 1 1 6.905252
2179 2 2 6.499787
871 3 3 6.212105
1185 10 10 5.200504
570 2 2 6.499787
1024 5 5 5.806640
1460 2 2 6.499787
2059 2 2 6.499787
1289 2 2 6.499787
1116 4 4 5.988961
351 9 6 5.652489
3128 1 1 6.905252
1130 2 2 6.499787
430 2 2 6.499787
1935 9 9 5.295814
3158 1 1 6.905252
2465 2 2 6.499787
2648 2 2 6.499787
2416 1 1 6.905252
1463 1 1 6.905252
1347 5 5 5.806640
1284 3 3 6.212105
1345 1 1 6.905252
2963 1 1 6.905252
1008 1 1 6.905252
601 3 3 6.212105
1730 1 1 6.905252
740 3 3 6.212105
5 2089 1992 0.001003
2426 1 1 6.905252
2604 1 1 6.905252
1144 1 1 6.905252
1921 1 1 6.905252
1813 1 1 6.905252
3096 2 2 6.499787
1710 2 2 6.499787
483 1 1 6.905252
1784 4 4 5.988961
788 3 3 6.212105
785 6 6 5.652489
2908 3 3 6.212105
1050 1 1 6.905252
3100 1 1 6.905252
666 1 1 6.905252
1419 1 1 6.905252
681 1 1 6.905252
2170 2 2 6.499787
1268 1 1 6.905252
2144 1 1 6.905252
2392 1 1 6.905252
1671 1 1 6.905252
771 2 2 6.499787
2470 2 2 6.499787
822 4 4 5.988961
1778 1 1 6.905252
1806 2 2 6.499787
1414 1 1 6.905252
1726 2 2 6.499787
949 1 1 6.905252
2626 1 1 6.905252
852 7 7 5.518958
990 3 3 6.212105
1166 13 13 4.959342
2120 1 1 6.905252
615 5 4 5.988961
1772 1 1 6.905252
2663 1 1 6.905252
2345 8 7 5.518958
2474 1 1 6.905252
2697 2 2 6.499787
864 12 12 5.033450
1099 1 1 6.905252
2001 2 2 6.499787
2201 1 1 6.905252
1355 1 1 6.905252
2691 1 1 6.905252
633 7 7 5.518958
2562 1 1 6.905252
558 3 3 6.212105
1708 1 1 6.905252
233 15 15 4.825811
653 1 1 6.905252
965 2 2 6.499787
1086 2 2 6.499787
16 10 10 5.200504
2551 1 1 6.905252
487 3 3 6.212105
662 5 5 5.806640
652 1 1 6.905252
2343 2 2 6.499787
1150 1 1 6.905252
505 1 1 6.905252
1950 1 1 6.905252
861 5 5 5.806640
1898 1 1 6.905252
1391 1 1 6.905252
418 1 1 6.905252
77 14 14 4.890349
2804 1 1 6.905252
321 2 2 6.499787
2905 1 1 6.905252
3151 3 2 6.499787
2759 2 2 6.499787
130 30 27 4.266195
1434 5 5 5.806640
3075 2 2 6.499787
2577 1 1 6.905252
2424 4 4 5.988961
995 1 1 6.905252
1565 1 1 6.905252
834 2 2 6.499787
542 1 1 6.905252
3021 2 2 6.499787
517 2 2 6.499787
1088 10 10 5.200504
741 7 7 5.518958
700 1 1 6.905252
2600 2 2 6.499787
960 6 6 5.652489
299 2 2 6.499787
502 8 8 5.401175
1703 1 1 6.905252
2289 3 3 6.212105
1639 4 4 5.988961
869 1 1 6.905252
1635 1 1 6.905252
2806 3 3 6.212105
951 1 1 6.905252
2002 2 2 6.499787
1625 6 6 5.652489
2939 1 1 6.905252
2564 2 2 6.499787
2913 1 1 6.905252
1632 3 3 6.212105
2875 1 1 6.905252
2135 2 2 6.499787
2115 2 2 6.499787
2640 1 1 6.905252
1103 1 1 6.905252
2028 1 1 6.905252
1234 1 1 6.905252
2359 1 1 6.905252
316 2 2 6.499787
