T217 50 0 1 2 3 4 5 6 3 4 5 6 5 6 7 3 4 5 8 9 10 6 0 11 12 13 0 14 15 16 5 6 0 14 15 16 17 18 19 0 20 21 22 0 23 24 25 26 27 28 3
T124 50 29 30 31 32 33 34 35 36 37 38 39 40 41 42 43 44 45 46 47 48 49 50 51 52 53 54 55 56 39 57 58 59 60 61 62 32 63 64 65 61 66 67 61 68 69 61 70 71 72 73
T95 50 32 74 74 74 32 75 76 77 78 79 80 81 79 82 83 32 79 80 81 79 82 83 32 84 85 86 87 87 88 32 89 90 91 90 91 92 32 93 94 93 91 95 96 90 97 98 91 90 97 98
T279 50 99 100 101 102 103 104 105 106 107 108 109 110 111 112 113 114 115 116 117 118 119 120 121 122 109 123 99 100 101 102 103 104 105 124 125 126 105 99 100 101 102 103 104 127 128 129 130 131 106 107
T206 50 132 133 134 135 136 137 138 113 139 140 141 142 143 144 145 74 146 147 148 149 150 143 151 152 153 154 155 156 74 157 158 159 160 151 161 162 163 164 140 157 51 53 165 166 167 168 169 170 171 172
T221 50 173 174 175 1 176 0 177 178 0 179 180 181 182 183 184 180 0 185 186 187 188 189 190 191 183 192 184 193 180 191 194 184 195 196 197 188 198 178 199 200 201 187 188 180 0 202 203 0 204 180
T236 12 3 205 206 207 108 208 110 209 210 211 208 212
T156 50 213 214 215 216 217 216 130 217 218 219 220 221 222 223 224 106 225 226 227 228 229 230 231 232 233 234 235 236 228 229 237 238 239 231 232 233 94 240 233 241 242 243 244 245 246 247 248 249 228 250
T88 50 251 252 106 253 254 100 255 256 252 257 258 252 259 119 260 119 254 261 262 100 256 252 263 119 254 264 262 257 258 252 263 119 254 261 265 266 100 256 252 263 119 254 264 265 266 257 258 252 263 267
T1 50 114 140 268 269 270 271 272 273 274 275 272 276 277 269 278 274 43 7 277 272 279 280 273 274 275 281 278 282 271 283 284 285 286 272 210 273 274 275 287 288 289 272 210 290 281 278 291 292 293 280
T181 50 159 30 294 159 30 294 295 296 295 296 297 298 299 300 301 302 159 30 303 159 30 304 305 75 306 159 30 143 307 306 308 309 143 310 298 159 30 143 307 311 309 143 294 75 159 30 312 313 314 315
T12 49 316 317 318 270 0 319 272 320 321 322 316 210 270 321 322 323 73 324 325 270 104 326 327 328 242 143 329 330 331 332 333 334 327 335 333 329 336 337 338 339 340 291 341 342 343 291 272 279 344
T61 50 345 346 347 348 349 122 350 351 346 352 353 345 348 354 355 356 294 357 358 354 359 360 361 360 362 348 363 364 350 351 346 352 353 291 352 353 365 366 73 367 125 368 352 369 370 371 372 48 373 352
T33 48 374 375 270 273 274 275 376 377 378 379 380 381 382 383 269 323 384 385 272 279 272 386 387 388 389 270 270 289 272 210 288 390 391 392 278 393 385 392 263 275 272 274 287 394 392 391 270 272
T168 50 395 396 397 398 399 400 401 231 402 403 404 405 406 407 408 409 408 410 411 412 413 414 415 416 417 355 418 419 420 421 410 229 422 423 424 425 410 229 408 241 426 427 232 428 65 429 430 422 431 432
T84 50 433 58 291 183 434 435 436 183 437 437 438 439 252 440 441 442 443 444 434 445 446 143 312 438 439 252 440 298 447 441 442 443 443 426 125 252 440 448 449 450 447 451 449 452 337 447 451 449 337 119
T165 50 453 202 72 454 455 348 456 30 357 355 457 458 459 460 461 462 463 464 465 466 243 357 355 457 328 467 468 469 470 108 471 472 110 462 458 368 466 291 473 474 475 476 368 466 291 334 477 472 110 478
T154 50 231 479 231 479 480 481 482 481 483 481 484 485 486 487 488 489 490 231 479 479 491 479 491 492 491 493 479 491 231 231 491 494 495 496 496 491 497 498 499 500 501 502 491 501 502 503 504 498 499 491
T67 20 505 73 506 121 234 507 508 225 509 510 508 507 511 505 110 111 508 508 512 508
T218 50 0 1 2 3 28 3 4 28 28 7 3 4 513 6 514 123 0 243 515 516 517 0 9 48 518 248 519 520 298 521 522 28 523 0 515 123 123 515 0 524 0 243 123 525 26 27 5 6 3 4
T145 50 419 44 231 466 128 466 131 243 466 526 485 527 528 482 529 530 531 532 528 419 44 231 533 131 470 108 534 453 110 535 536 537 538 494 38 539 540 541 542 490 479 543 544 490 545 231 546 547 231 186
T6 50 263 548 320 449 114 549 362 550 551 489 552 131 553 554 549 555 555 555 556 557 320 471 373 558 559 560 561 562 558 563 564 565 566 567 568 569 570 571 572 573 574 568 567 558 570 575 576 568 569 568
T141 50 535 419 44 231 545 577 578 579 419 490 580 435 580 580 172 580 581 582 580 583 580 584 585 580 74 580 580 580 580 580 580 586 580 587 588 580 167 580 589 590 580 580 591 580 592 593 580 580 594 580
T172 50 595 61 596 597 69 598 331 61 599 129 130 600 601 602 603 604 605 90 606 607 48 608 609 396 602 610 603 48 61 218 595 611 60 61 62 612 613 610 614 615 616 48 608 609 396 601 398 617 618 619
T159 46 48 218 30 506 121 76 77 112 620 511 225 621 234 555 622 453 506 623 624 4 625 626 627 628 506 629 630 219 506 111 506 631 621 632 633 634 635 636 462 635 637 635 638 462 635 639
T65 50 210 330 640 641 642 643 644 210 330 640 641 642 643 644 268 490 645 646 647 648 649 650 651 652 653 654 655 656 657 658 659 660 661 662 663 664 654 665 666 648 667 641 668 669 467 670 671 672 673 48
T79 4 293 449 256 252
T269 49 611 674 675 676 677 676 611 676 678 676 155 679 680 681 682 683 676 167 684 685 676 682 686 687 676 682 688 689 690 676 691 692 693 694 686 398 676 674 675 676 688 689 690 677 674 675 676 619 288
T213 50 0 1 2 695 0 696 697 27 695 0 1 2 469 76 698 44 699 0 700 518 77 701 4 702 26 703 0 704 114 705 706 514 0 114 339 76 77 187 0 0 707 0 243 0 708 114 3 4 700 709
T244 50 710 711 712 711 713 714 715 716 717 718 719 720 268 512 711 718 721 339 716 710 711 722 723 724 716 718 725 716 711 679 251 710 718 726 727 716 728 276 729 730 731 732 251 733 718 734 735 736 725 737
T112 50 738 328 739 711 738 328 614 671 740 741 742 743 532 744 44 745 746 605 557 282 747 119 44 748 30 749 748 30 750 751 32 739 748 30 752 752 702 278 753 739 313 251 291 748 30 754 30 755 45 756
T162 17 543 231 495 545 757 108 208 110 758 759 612 207 543 760 449 761 212
T282 50 762 710 763 762 710 763 243 764 765 710 251 381 766 764 767 768 769 770 771 772 670 773 416 774 775 776 777 778 779 780 781 782 783 676 784 785 356 786 787 675 788 789 790 548 294 723 791 792 768 373
T18 47 661 125 126 271 793 794 53 341 795 796 178 104 797 798 799 800 167 795 801 792 125 126 802 476 374 438 803 466 128 111 661 123 125 126 804 805 804 749 804 284 804 806 271 793 794 53 341
T45 50 807 55 808 267 809 90 810 251 45 106 291 811 267 812 813 55 814 808 809 164 44 312 815 816 73 817 816 818 666 819 820 821 822 823 824 825 55 826 373 27 827 828 815 829 830 831 90 810 832 811
T205 50 610 740 833 53 834 106 835 740 833 53 116 95 836 610 140 707 30 52 837 838 839 840 841 57 842 838 218 838 843 183 844 845 846 847 610 848 845 849 130 850 30 52 851 852 853 854 130 850 838 855
T63 50 856 857 858 859 510 860 236 856 861 862 856 863 864 268 865 866 867 857 858 859 510 234 868 862 869 870 871 872 873 415 874 875 873 876 767 77 877 878 769 879 880 881 245 882 857 858 883 884 885 858
T19 50 48 381 143 886 48 381 143 887 44 577 471 888 889 387 890 891 892 893 443 387 855 894 191 895 896 518 897 320 898 895 896 518 897 121 778 899 900 901 895 896 518 897 121 387 902 903 900 901 904 905
T260 50 906 907 908 123 131 909 251 907 294 910 909 911 48 381 143 906 912 910 910 48 381 913 914 915 916 917 918 48 548 381 910 251 740 910 919 920 910 106 356 294 45 218 221 910 921 920 922 923 278 924
T195 50 159 30 466 128 466 131 243 466 526 485 527 528 482 529 530 531 532 528 159 30 533 131 470 108 534 453 110 535 925 538 926 744 927 928 929 930 51 931 932 30 470 108 534 453 110 535 744 933 538 744
T258 50 708 114 294 844 76 934 60 711 790 935 464 844 76 934 60 711 790 708 114 294 934 60 349 936 221 242 871 922 786 937 131 78 938 934 60 349 939 940 941 942 943 944 945 946 947 948 943 949 950 951
T100 50 952 953 788 953 788 51 954 910 955 956 957 958 710 685 959 960 834 961 962 963 964 965 966 967 968 969 514 222 104 970 314 971 972 973 974 975 90 976 90 977 90 978 90 810 946 947 946 979 32 980
T51 50 859 600 48 802 662 195 981 982 983 131 116 984 985 859 600 48 802 662 195 348 357 294 458 459 460 34 462 986 463 987 473 988 465 466 243 357 294 328 467 468 469 470 108 471 472 110 462 458 131 632
T125 50 32 73 324 744 183 989 96 123 989 73 44 744 183 990 183 756 604 991 992 869 993 994 324 512 803 44 289 869 324 995 996 929 324 51 738 997 998 511 999 620 45 73 324 724 1000 32 1001 29 981 1002
T284 50 1003 29 1004 104 1005 110 123 131 251 368 251 620 143 1003 29 272 1004 1006 315 1004 44 251 740 29 230 1007 29 789 1008 1009 75 1010 130 1011 790 1012 104 106 45 2 313 1004 416 1013 2 959 1004 73 506 44
T119 50 1014 1015 1016 329 1017 368 1014 965 111 119 476 111 620 143 111 1018 76 123 1019 368 1014 1015 1016 1014 1015 1016 1020 1021 1015 3 29 415 1022 740 1023 740 416 1024 100 257 965 221 1025 140 243 1015 1026 29 859 46
T118 50 91 1015 1027 1019 1014 965 329 1017 368 1014 965 111 119 476 111 620 143 111 1018 76 123 91 1015 7 1028 512 44 666 1019 1014 1015 1014 1015 1016 1019 742 1029 1030 35 1014 1031 1032 1033 110 1027 91 313 1034 1008 647
T53 50 1035 510 1035 510 1036 224 4 61 72 48 61 218 48 218 30 559 1037 1038 1039 875 1040 1041 478 1042 1043 1044 453 110 1045 1035 510 1046 1036 224 63 707 1 1047 1041 1048 1049 828 1050 1051 290 72 1052 1053 1054 1055
T161 49 48 218 30 506 121 76 77 112 620 511 225 621 234 555 622 453 506 623 624 4 625 626 627 628 506 629 630 219 506 111 506 631 621 632 633 635 638 462 1056 638 635 1057 48 635 62 1058 1059 90 810
T109 50 1060 1061 1062 1063 386 1064 1065 1066 1067 1068 1069 1070 1071 1072 1073 1074 1075 1076 1077 1078 1067 1079 1080 1081 1082 1083 1084 730 1085 350 1086 927 143 1087 45 1052 1008 751 75 792 792 740 512 1088 164 52 744 1089 73 1015
T179 50 368 1090 426 195 53 869 1091 96 1092 368 1090 426 195 307 217 1093 1094 1095 1090 53 854 1090 869 1096 1093 650 439 1097 53 869 1098 1099 476 1098 1094 650 462 1095 1100 740 125 368 1101 29 1095 1102 559 1103 1021 1104
T72 50 1105 1106 1107 1108 487 1109 1110 1111 1112 1113 1114 463 1115 1116 165 1117 1118 1119 1120 1105 487 1109 1110 1111 1112 1113 1114 1121 1122 1123 1124 1125 874 1126 487 1109 1110 1111 1113 1114 1121 215 1127 510 1128 1129 1107 1108 487 1109
T277 50 106 353 7 1029 368 790 294 1130 1131 1029 368 790 294 55 106 353 1132 48 381 1133 388 389 1134 681 514 514 478 130 514 1042 130 1069 1135 1046 294 1136 74 1137 549 1069 1135 906 110 648 7 1138 478 130 74 1137
T76 50 1139 1140 74 1141 326 298 1142 854 1093 817 869 1143 1144 508 1145 564 1146 1147 1148 1149 1150 1151 1152 1153 1154 1155 1156 1157 1158 1159 1160 359 1161 1162 1163 1164 1165 1166 648 1167 1168 1169 1170 1171 1172 1173 1174 648 1175 1176
T4 48 1177 60 919 267 919 490 919 267 1178 272 1179 1180 642 919 50 490 1178 272 1179 1180 642 909 946 1181 251 121 1178 268 605 987 859 549 1182 1183 642 787 1180 676 577 905 1184 1185 792 1186 1187 1188 1189 1190
T36 50 1191 1192 905 48 381 143 1193 1194 388 1195 74 1196 74 1193 1194 1197 1198 1199 1200 1201 1202 320 1203 437 1204 74 1205 74 681 681 388 1206 373 1207 4 1208 1209 1210 1211 1212 1213 1214 1215 1216 1217 766 773 1218 387 270
T25 50 1139 234 1219 1003 373 234 1219 1003 373 43 1003 104 1220 1221 460 195 234 885 1219 373 1222 251 60 1223 377 195 1224 1225 362 1226 1003 1219 1222 251 60 373 1227 1228 888 889 48 1229 1230 1231 274 1232 1233 789 73 30
T80 50 1234 513 6 123 252 1235 437 1236 1237 1238 471 76 77 1239 1240 75 111 437 76 111 119 73 111 75 1241 257 31 416 1024 368 1242 252 55 1243 53 74 449 119 73 449 803 1011 291 1234 513 6 451 1244 123 1234
T83 50 106 446 63 604 446 43 256 252 225 1245 1245 1245 1245 1246 131 1247 1248 1249 1250 1251 1008 1252 252 1253 749 1254 869 1255 1252 252 1256 1008 1257 1258 1259 1008 1252 252 1245 6 9 1245 1260 1261 323 1245 1262 1263 1264 1245
T48 50 106 353 291 352 803 633 1265 1233 183 1266 564 1267 346 490 1268 1269 1062 641 662 1270 51 1138 1271 1272 625 604 33 834 1273 642 1274 184 473 353 352 351 346 1089 733 1268 1269 614 625 604 33 834 1273 642 1274 184
T57 50 106 251 473 449 345 354 348 353 352 1275 346 345 354 348 353 352 1275 346 1275 622 1276 116 1277 79 1278 1275 352 353 351 346 122 354 348 1276 1279 1280 354 355 356 294 357 1281 1282 122 347 615 958 281 278 1283
T276 48 251 1011 368 7 1029 368 790 294 1130 1131 1029 368 790 1136 1130 1011 251 368 104 104 548 739 1284 739 1017 470 108 251 1285 1286 1287 1288 251 548 789 291 604 104 871 559 1289 1290 798 104 739 478 130 739
T115 50 419 597 557 419 597 557 32 1291 1292 1293 458 234 51 1291 1292 458 234 1294 1295 1296 1297 54 1298 1019 1291 1299 1300 123 1301 1302 123 1303 1304 1305 1306 1307 123 1019 1308 1309 1310 619 226 1311 1019 1291 3 619 839 597
T256 50 970 313 329 1312 1313 711 919 506 462 506 462 60 1314 4 929 48 1312 313 970 1315 60 1316 970 1317 1318 1319 587 1320 970 221 106 711 1321 1322 1323 1324 587 1325 4 40 1326 265 1327 1198 387 678 1306 587 1328 74
T50 50 1329 1012 1330 1012 123 1329 1330 1331 210 1033 48 443 53 1329 1332 1333 1334 1329 1330 1335 1336 1337 1170 1338 1339 1340 1341 1342 648 1343 1067 1344 1345 1346 1347 1348 633 74 1349 1069 1350 1351 1352 1353 563 1354 48 443 53 1138
T104 50 1019 505 1355 1015 86 176 1015 86 1356 1357 756 1015 1358 111 78 705 1019 505 1356 1015 51 1357 278 51 44 1359 1360 1019 505 1356 1015 51 610 51 1361 86 206 29 366 1362 1015 299 312 1019 505 1356 51 1363 1015 1187
T43 50 510 641 1364 1365 510 304 352 106 353 357 763 73 666 1222 251 354 618 1332 490 1365 510 304 352 353 351 346 1366 468 1367 356 294 802 600 642 641 438 352 346 1368 1369 358 33 834 1273 642 1274 184 1370 1371 1242
T255 50 55 920 1372 143 919 282 7 90 976 63 548 294 1373 1374 1375 1376 1377 789 1378 251 167 919 282 7 55 920 1372 143 90 976 313 1379 1380 277 920 1372 143 1381 313 1382 1383 646 1384 1372 117 313 167 63 548 294
T30 49 272 270 341 1010 130 341 272 291 768 592 342 343 326 1385 1012 342 1386 343 905 291 768 284 1387 1388 107 559 106 291 341 1389 1390 1368 1391 1392 284 288 809 30 106 1115 1386 1390 1368 506 765 506 1017 776 106
T46 50 987 90 810 251 45 106 291 811 267 812 813 55 814 808 987 164 44 312 816 818 666 819 820 55 826 373 27 1393 815 823 824 825 73 817 827 828 816 818 666 1394 1395 832 811 816 818 1396 1397 1398 812 813
T148 50 1399 150 869 1400 1401 128 941 941 1402 72 1298 1403 1404 388 389 1405 682 1406 44 640 200 271 543 760 61 395 1106 1407 543 231 495 545 757 1408 1056 419 1409 357 210 987 1040 1041 328 73 1410 1411 519 982 1406 44
T103 50 1357 51 1412 1412 1357 3 926 44 843 752 326 3 307 622 1355 143 1413 86 1414 226 2 1357 1355 1409 357 1415 1330 357 1368 1356 315 625 362 14 813 1416 1417 1418 1363 1419 1420 315 1355 818 600 708 751 1421 3 1422
T131 50 52 51 1423 614 671 1424 52 51 1425 986 372 1426 805 794 52 51 1427 1428 140 1429 611 29 120 125 368 919 1298 1430 602 1431 1357 1432 311 1433 1421 1434 1422 1435 67 51 559 1436 65 842 1189 1437 1438 1439 57 1440
T211 50 289 1441 1442 1443 240 1444 715 240 490 159 30 4 1445 490 1446 159 30 1447 1446 159 30 1447 1446 159 30 1447 1446 159 30 1447 1446 159 30 1447 1446 159 30 1447 1446 159 30 1447 1446 159 30 1447 1446 159 30 1447
T136 50 744 44 368 309 557 1448 1449 600 1450 292 84 334 143 393 1011 368 1451 329 1452 290 1453 1454 143 307 1089 605 1450 333 84 44 1455 749 1456 600 1450 1457 1261 1458 438 557 44 340 1261 334 469 76 310 557 86 1459
T176 50 1460 1461 291 349 1462 159 30 1463 30 294 120 1460 1464 30 143 291 349 1462 159 30 1465 1466 1467 449 349 30 123 131 1461 123 131 111 1461 76 294 4 1468 30 120 73 392 1469 726 191 1470 726 30 284 210 751
T40 2 1365 510
T249 50 678 674 675 676 710 678 676 710 48 381 143 251 35 798 104 619 602 1266 836 1471 265 220 1472 1473 1233 1474 1475 1476 919 1477 1478 715 90 1479 103 272 242 1480 1481 776 1198 1482 1198 1266 462 1458 1198 678 676 265
T158 15 1483 545 231 1362 543 207 108 208 110 758 759 612 207 1484 212
T62 50 210 330 640 641 642 643 644 76 111 650 120 1485 803 650 79 1099 1099 476 1486 1099 275 183 125 1136 79 1136 1487 291 125 1257 1136 740 1488 291 125 1489 662 1490 321 1491 195 1492 291 44 1493 1494 651 96 1493 1495
T139 50 61 110 1496 1189 231 1497 95 869 1496 1189 231 1497 95 869 1498 58 131 1499 61 123 131 595 935 44 1499 61 608 61 123 131 595 935 44 608 61 844 1500 1501 1502 1496 293 231 1503 164 58 61 250 61 110 1504
T238 50 140 120 577 679 218 1505 1102 1506 1507 1508 1102 1509 90 1510 1511 1102 277 90 1512 1513 666 1514 755 1515 610 1102 833 53 1511 1516 1517 1518 610 833 1519 611 1520 1091 1511 1102 961 833 611 206 1355 0 600 1521 1522 1222
T82 50 106 1523 445 446 143 836 1524 1091 1525 1526 1527 1528 1529 293 449 295 263 740 445 446 143 437 1523 813 285 644 194 1530 644 267 476 1028 285 644 58 1527 1528 1529 1531 1532 1241 1533 100 922 1533 451 1534 449 295 256
T166 50 61 1129 396 1535 51 48 218 30 48 61 218 48 61 218 1129 396 45 607 61 1129 396 552 61 1129 396 707 1536 1537 1538 1536 1539 3 75 1540 755 61 1129 396 546 666 603 324 787 1541 1542 603 396 619 1241 1298
T226 41 1543 469 76 1543 469 76 769 1544 919 469 76 202 482 90 769 1544 919 469 76 326 469 131 328 76 1545 769 1544 919 469 76 919 1 469 131 605 1546 1547 1548 1543 173 110
T237 50 1549 755 697 27 106 353 48 1550 1551 96 106 457 392 1406 362 697 27 106 353 1552 1553 695 48 1550 1551 96 106 457 1552 1553 1554 1553 1555 58 1556 130 51 792 48 1360 51 527 1138 1557 46 1102 695 48 1558 755
T107 50 1559 51 1425 111 164 32 251 381 1015 51 1015 1560 299 251 381 32 698 1561 679 1562 86 1563 356 1015 732 546 1142 32 251 381 51 1564 1565 613 1015 1187 381 742 468 422 1512 32 251 381 1015 51 698 1027 143 1241
T230 50 0 1 1112 1566 123 1487 217 0 0 1 1112 1566 1406 352 353 351 346 1089 0 65 296 1280 265 0 1382 1567 1568 1569 1570 1571 1572 1573 1574 792 1231 0 802 776 243 48 546 1575 1362 1576 1577 1573 1578 1579 1580 1581
T8 49 320 0 1582 321 320 0 1582 321 644 1583 270 320 0 577 287 288 0 1583 644 1584 234 1364 362 320 0 1582 321 1585 234 43 195 43 195 1372 321 322 272 320 270 1228 326 644 90 84 0 143 320 0 577
T99 50 80 82 96 83 32 84 85 86 87 87 88 32 89 90 91 90 91 92 32 93 94 93 91 95 96 90 97 98 91 90 97 98 91 92 93 91 94 93 97 98 91 95 96 90 1586 91 1586 91 92 32
T241 50 1587 0 243 1588 51 53 1589 51 53 289 51 53 1590 106 0 294 1591 251 0 294 1592 321 1593 1002 1594 1595 1596 294 1276 143 1597 957 1598 1599 234 234 625 267 1600 1587 0 243 1588 51 53 982 625 267 1601 600
T2 50 1177 1602 294 577 1222 1603 670 143 313 1177 1602 294 577 1222 1222 130 1222 490 251 514 77 473 315 1604 1192 1605 1602 1606 1607 1608 1192 1609 1610 1611 1612 1613 1610 1614 1615 905 1614 1616 1617 1192 1618 1619 1610 1620 1621 1622
T86 50 32 32 106 1264 1412 1623 490 1624 252 741 323 1625 1626 1623 1089 1368 563 1624 32 252 741 1624 737 91 122 656 483 1627 1628 1520 366 1625 1623 1407 1629 1136 252 106 1630 844 1631 666 1244 489 252 1632 15 1633 1624 614
T29 50 1634 1600 326 1028 1587 332 270 1634 217 1635 73 348 1059 342 122 270 1636 2 242 78 459 273 1637 438 1638 1639 270 1634 270 104 287 289 272 1640 288 275 172 809 289 272 210 288 172 1641 708 272 210 1388 172 1641
T239 50 222 676 784 206 294 222 676 784 206 294 0 1642 294 131 313 294 873 3 294 0 1642 206 1015 784 1643 1015 294 1644 1645 1646 40 1598 784 123 1647 123 531 784 1648 1358 784 1642 784 1649 1650 1642 1651 1652 1653 1654
T290 50 1423 924 1298 794 424 51 1545 1542 426 51 1655 1656 1519 176 710 251 106 1385 1657 557 710 424 1012 1658 1659 1660 1661 1298 794 790 51 1545 1542 251 1662 1661 3 1663 298 424 1664 1385 1016 251 521 1665 1666 51 1667 294
T89 5 1015 86 1357 1668 32
T108 50 1019 1669 1019 1669 1670 1560 1671 1015 123 803 751 111 76 77 929 1357 123 1672 873 1673 44 751 3 1674 226 1675 744 1357 1670 1560 1671 1015 1676 295 1357 4 91 86 776 1357 240 1357 1677 1678 1555 1357 1669 1679 1015 86
T153 50 1129 398 395 396 397 398 399 414 400 401 231 402 403 404 405 406 407 408 409 408 1680 130 225 395 396 397 398 399 414 400 401 231 402 403 404 405 406 407 408 409 408 130 267 398 1681 324 1682 140 399 1435
T140 50 535 419 44 231 577 578 579 419 490 580 435 580 580 172 580 581 582 580 583 580 584 585 580 74 580 580 580 580 580 580 586 580 587 588 580 167 580 589 590 580 580 591 580 592 593 580 580 594 580 1683
T144 50 535 419 44 231 578 579 419 490 435 172 581 582 583 584 585 74 586 587 588 167 589 590 591 592 593 594 1683 1684 1685 231 494 38 539 540 541 542 490 479 543 544 490 545 231 982 131 837 243 828 1686 1682
T113 49 885 557 671 1418 45 885 557 1687 671 1418 45 1688 885 557 362 671 1689 1690 274 1691 439 647 1033 294 1692 1693 1090 803 291 1427 1418 123 1694 1695 1696 869 292 332 1697 195 732 1231 1698 1486 1444 362 550 271 462
T127 50 130 1699 1700 1445 313 1701 1445 1699 1445 130 703 1702 51 315 567 1703 1704 4 1705 315 1012 1706 419 1707 1708 792 1104 4 1709 315 159 30 1673 143 29 1673 296 4 1706 487 1707 1012 1574 748 1706 419 1707 151 51 1710
T31 49 272 270 321 357 321 322 1711 1712 1713 1332 1714 1715 81 1332 1716 1717 279 1718 1719 509 1720 1721 1722 1723 272 96 1724 1187 272 96 270 321 357 210 210 1498 270 272 291 1725 1726 1727 73 324 325 163 1728 1012 1385
T281 50 104 548 739 104 789 919 671 1729 753 1730 548 789 51 1286 119 73 328 48 126 548 1619 753 1003 921 104 871 1286 51 104 789 919 671 1729 753 1730 548 789 51 48 126 548 1619 753 387 51 73 44 1286 119 73
T152 50 1129 398 1731 396 1732 1733 1734 401 1501 403 1735 1736 231 1737 612 1733 1499 61 157 1501 140 1738 229 1680 130 225 1731 396 1732 1733 1734 401 1501 403 1735 1736 231 1737 612 1733 1499 61 157 1501 140 1738 229 130 267 398
T240 50 1222 251 278 817 291 1739 987 869 456 353 58 740 357 1429 458 459 33 834 1273 642 1274 184 1113 1418 1 1138 1740 1741 1666 1739 987 33 834 1273 642 1742 1739 869 1332 1743 748 1330 456 353 58 740 1429 357 458 459
T173 48 1744 1258 53 1259 1542 1745 476 131 1379 1746 1747 1748 1062 40 55 1298 40 946 354 1749 1750 1751 1061 1298 476 119 476 119 1298 1746 1747 1748 1752 1023 965 63 159 30 1702 1298 331 726 740 1709 1753 476 1512 525
T214 50 0 1 3 4 0 1 2 1754 1755 1756 765 0 1 3 4 701 7 76 9 5 6 702 26 603 28 303 0 600 1757 3 792 1758 792 607 131 9 6 702 26 131 9 1425 518 248 9 1759 519 251 521 522
T15 49 317 318 327 272 320 321 322 340 210 1760 1761 348 1037 326 327 328 242 143 329 330 331 332 333 334 327 335 333 329 336 337 338 339 340 291 341 342 343 291 272 279 344 567 320 1332 1762 1763 1764 768 210
T192 10 1765 1435 159 30 108 1766 110 1767 1768 212
T147 50 61 110 1542 1769 425 1770 1771 837 1542 1769 425 1770 1771 837 244 128 476 328 1772 1773 1774 128 268 1775 1542 1769 425 1770 278 44 1776 1480 1777 44 1778 1779 1503 837 526 753 1777 1780 1781 1782 1542 1769 425 1770 928 1778
T207 50 60 1783 1784 1785 577 52 1435 1469 1786 1787 60 1783 910 1788 1789 1385 243 1790 419 365 88 47 521 1095 1791 27 419 1707 1792 598 60 1783 910 1788 1385 295 1497 48 93 1783 30 143 1793 1783 30 1794 88 60 1783 910
T208 50 251 1795 740 130 1796 1486 1099 117 106 30 740 490 44 1099 117 1298 1092 740 53 1379 1797 1797 1798 280 1799 490 225 1800 1556 1379 1099 1379 122 1801 1099 63 106 96 44 519 982 106 30 131 740 1486 1099 117 267 519
T17 50 317 318 327 272 320 321 322 340 210 342 288 1760 1761 348 1037 195 1332 1802 1803 768 210 592 1726 326 1804 321 322 1330 1802 1803 1805 1806 1807 1808 1083 1809 1810 1811 564 1812 1813 1804 272 1136 1814 1815 330 352 321 322
T186 50 1816 159 30 1702 143 159 30 1816 30 143 159 30 923 1772 1817 1818 1102 1017 1819 1485 742 1029 121 91 328 143 1274 184 96 1542 143 1435 29 143 1473 52 458 1052 1820 378 518 620 514 131 518 1821 869 1822 1823 1824
T246 50 678 676 571 1825 678 676 571 1825 959 3 1581 571 1825 678 676 1825 512 1826 0 784 1827 121 1828 697 121 1829 697 784 1827 121 1829 697 121 919 512 1529 44 1825 1830 676 1825 121 1006 1831 976 1832 315 265 1636 104
T270 50 48 126 548 1619 313 323 1222 251 106 353 48 381 143 48 126 548 1619 388 389 946 1833 567 1834 473 988 604 48 381 143 307 1089 813 326 19 48 126 548 1619 44 803 1835 1836 1837 1042 74 1137 1835 1836 906 110
T278 50 678 676 548 709 548 294 1838 294 792 1839 1840 674 675 398 1841 312 1842 1843 1844 770 711 706 1845 339 482 1241 1846 263 116 131 519 982 899 619 1470 726 614 919 843 751 1847 77 548 709 58 512 108 906 110 676
T271 50 1848 458 548 60 559 27 924 1553 1380 113 1380 466 1849 1850 506 462 506 462 1851 72 72 4 123 924 1553 113 1380 313 1846 113 313 1846 1772 114 466 1841 131 72 469 131 506 462 131 308 1852 458 1848 458 548 60
T174 3 159 30 1819
T262 50 354 353 656 1853 710 919 1233 183 354 353 656 1853 710 919 1854 1616 1855 1856 770 1857 1578 1858 355 678 676 290 671 464 473 988 354 733 271 1853 51 1859 789 356 1860 790 1861 710 1853 75 710 102 1452 1862 666 1298
T34 49 1553 1863 1864 605 1865 1363 1866 1180 1222 251 27 845 249 647 29 1867 1868 518 661 802 787 740 473 988 1869 1870 1462 487 1871 1872 1708 888 889 104 106 697 1873 798 1874 1875 1306 1876 74 714 25 48 381 1877 1878
T184 50 159 30 294 159 30 294 313 314 315 315 312 478 130 1879 341 143 1880 1881 159 30 4 1882 1883 1884 1885 1886 159 30 4 1887 1888 159 30 4 1889 1636 314 159 30 4 1890 1891 1419 4 1354 29 1884 1892 187 1892
T116 50 1893 618 809 1893 1641 323 129 130 1894 993 993 1758 1895 736 7 1896 1894 993 527 1897 1898 1421 1899 639 1048 1055 1900 1901 1902 1903 1904 1905 1906 459 1907 1902 1890 1496 1897 1898 1908 1236 1909 1910 712 1357 1911 811 1901 822
T193 24 1912 106 30 1913 1819 1485 96 803 44 1687 128 120 1485 127 333 1033 127 449 108 1913 1912 110 1914 212
T225 50 1665 787 0 294 114 0 1136 1648 924 393 1648 696 0 1915 1063 51 610 51 45 1361 834 1916 0 294 75 1361 1248 1917 755 1011 251 577 0 1136 787 0 1915 1063 51 1296 1361 1778 243 140 1918 1545 1361 1740 310 1919
T11 49 317 318 327 272 320 321 322 340 210 987 1760 1761 348 1037 326 327 328 242 143 329 330 331 332 333 334 327 335 333 329 336 337 338 339 340 291 341 342 343 291 272 279 344 567 320 1332 1762 1763 1764 768
T77 50 129 1798 600 292 1920 1921 1922 1923 605 567 1834 36 473 988 1214 661 661 1 671 70 1853 1099 117 802 787 740 290 1853 1 1112 919 79 1099 117 614 290 462 1924 1925 656 182 1853 1853 919 447 802 1112 1926 51 1273
T47 50 807 55 808 267 292 90 810 251 45 106 291 811 267 812 813 55 814 808 292 164 44 312 815 816 73 817 816 818 666 819 820 828 823 824 639 827 828 815 1724 1927 1928 682 811 1929 1397 1398 812 813 268 292
T254 50 104 1749 548 959 1930 1931 993 1932 988 1284 104 1749 548 959 767 1933 1934 53 104 1749 1935 1749 1936 1019 1937 1320 220 1268 693 1938 1935 1749 1939 1940 1941 1749 1941 1749 1942 468 805 1943 104 1749 1944 1945 1946 1306 1298 1947
T175 50 1460 1461 291 349 1462 159 30 159 30 120 1460 1464 30 143 291 349 1462 159 30 294 4 30 114 1468 120 73 1235 349 30 349 30 123 131 1461 123 131 111 1461 76 294 4 1468 30 120 73 392 1469 726 191 1470
T122 50 32 251 381 1015 51 1425 111 164 1948 381 251 77 1144 1708 1949 693 1950 1951 1952 693 1892 1268 1953 693 1954 1708 1955 1956 1957 693 1958 1616 1668 1959 1960 1708 1961 693 1962 693 685 1175 1181 1963 1181 681 1964 1963 1965 1966
T253 50 1967 90 871 1233 183 618 1968 803 1967 803 1969 1967 110 1970 803 1971 1972 1970 1819 921 1973 73 97 46 1276 846 473 988 733 1974 1975 604 218 921 506 143 1976 1977 625 604 48 218 1276 790 19 1692 557 921 1482 1978
T73 50 1979 1246 869 1379 1581 742 357 368 1494 1222 251 354 809 112 625 267 1423 1406 113 1895 1980 1981 1982 1584 303 73 603 215 1278 96 1983 332 1757 1246 836 1984 792 1276 1246 1246 1298 106 1985 282 1246 1584 1645 766 143 794
T223 50 661 909 73 206 909 0 1369 958 973 946 979 33 979 1986 1795 1987 48 803 466 128 111 661 123 909 0 73 206 515 0 1988 1989 1180 0 1363 1111 0 1363 1642 416 1192 1694 1990 1991 1992 1993 0 1994 1878 0 1694
T177 50 1460 1461 291 349 1462 159 30 1995 30 120 1460 1464 30 143 291 349 1462 159 30 294 4 30 114 1468 120 73 1235 349 30 349 30 123 131 1461 123 131 111 1461 76 294 4 1468 30 120 73 392 1469 726 191 1470
T143 50 419 44 231 545 577 466 128 466 131 243 466 526 485 527 528 482 529 530 531 532 528 419 44 231 545 577 533 131 470 108 534 453 110 535 536 1996 538 542 490 543 1997 1998 1027 1999 706 545 231 2000 38 2001
T111 50 2002 1566 48 1696 1280 2003 45 1427 1280 2003 45 712 2004 1497 45 226 2 1566 341 1874 1280 2003 86 1016 44 463 217 2005 221 2006 2 2007 221 2008 1874 1247 274 2 221 2009 2010 251 221 2011 1522 221 32 251 221 2012
T78 50 2013 803 740 130 917 2014 740 106 96 143 803 2015 1960 2015 1960 251 478 2016 1042 2017 2018 2019 1023 2020 2021 2022 2023 321 378 55 304 2024 2025 2026 2025 2026 251 2019 1023 718 2027 106 2028 2029 941 2029 941 251 2019 1023
T93 50 1023 448 732 1260 1574 51 2030 2030 2030 51 2030 1666 736 2030 76 77 2031 923 1023 448 732 1260 1574 51 1067 74 2032 2033 251 221 393 2034 374 603 473 988 2035 1023 251 72 45 448 143 2031 51 473 1356 398 48 1867
T68 50 856 2036 2037 510 19 2038 377 769 860 236 856 861 2039 2040 2041 864 1213 2042 2043 864 268 1546 2044 867 2036 2037 510 19 2038 377 769 234 2039 2045 2045 2046 2047 1714 2042 2048 869 870 871 872 873 415 874 875 873 520
T167 50 1056 432 313 2049 552 2050 313 271 1056 419 271 845 1576 419 96 4 419 157 72 470 108 208 110 209 61 212 44 336 419 313 208 271 243 2051 61 419 313 2052 999 2053 490 542 490 313 986 991 1027 1553 835 61
T27 49 270 888 889 123 131 112 538 696 270 104 2054 1306 905 2055 90 2056 1033 982 270 322 1487 482 929 2057 485 263 321 357 1010 130 19 2058 58 1017 74 1137 786 272 386 919 2059 2060 469 76 696 482 2061 272 270
T231 50 0 700 0 1 700 709 0 1 700 709 469 76 700 2062 600 0 206 700 75 2063 2064 725 2065 299 922 1603 2066 2067 75 1845 130 700 2068 880 1027 1109 0 0 243 0 424 2069 0 577 709 0 1 123 131 695
T60 46 51 143 51 143 123 968 2070 711 739 1409 321 2071 2072 563 2073 1351 656 2074 2019 2075 2076 2077 1724 510 648 2078 2079 2080 1724 2081 2082 648 2083 2084 2083 2085 667 2022 1365 563 711 1460 110 51 123 212
T197 50 2086 1510 159 30 52 48 159 30 44 4 111 76 159 30 1093 620 73 999 73 48 506 828 48 2087 1968 73 923 2088 2089 131 74 1137 131 2090 131 2091 2092 614 90 817 2086 1510 159 30 52 2086 1510 159 30 52
T286 21 678 329 678 469 76 121 470 108 678 155 1819 313 710 2093 108 2094 251 155 678 678 212
T227 50 473 0 1 4 44 111 78 578 579 0 294 473 251 2095 0 1 4 604 1238 151 45 0 1 4 44 473 0 1 4 120 1485 1102 1364 1008 1015 86 885 121 77 2096 123 0 1 4 44 48 2097 187 1 72
T170 50 1418 73 30 424 419 4 419 157 72 209 869 48 1418 73 30 424 419 106 30 424 143 1576 419 96 4 419 157 72 209 869 48 1102 4 419 157 72 1020 787 73 30 1258 1001 140 419 328 60 1576 419 96 2098
T59 50 2099 490 339 173 2100 111 2101 2099 490 1726 73 151 2102 1853 490 922 1619 2101 2103 765 2104 674 1443 2105 2106 2107 2106 154 2106 1353 2106 2029 2106 2029 2106 718 2106 2108 2106 2109 2106 2109 2106 2110 74 2106 618 1334 2106 2111
T137 50 32 2112 51 559 2113 1519 2114 1740 1874 471 1666 2115 1406 668 559 2112 2116 32 32 2117 53 1497 45 2118 1740 1874 603 1839 471 1581 610 2119 1645 1740 1257 1380 86 2120 1361 2119 1645 1361 2121 2122 1874 221 2117 53 1497 45
T196 50 2123 2124 2125 313 2126 1616 63 1396 2127 107 1052 123 131 278 44 803 2123 51 119 869 294 123 278 44 2124 2125 2124 2125 313 2124 2125 44 2124 2125 313 1234 513 6 2124 2125 119 313 2124 2125 313 1659 1242 803 2124 2125
T105 50 32 1313 386 1064 873 32 1313 386 1064 873 1386 1641 1833 2128 2129 4 368 1664 37 32 1625 1626 1623 2130 2131 604 1625 291 1313 1494 2132 2133 32 1313 123 2134 1330 873 386 1064 2135 74 2136 2137 1831 315 2138 1222 251 654
T7 50 2139 0 319 319 272 320 272 270 319 2140 315 2141 1003 104 34 323 272 320 272 270 195 1919 321 322 234 1282 272 210 2142 43 7 362 787 0 294 272 270 2143 272 320 272 270 2144 2145 298 272 1114 2146 2147 0
T199 18 1884 159 30 325 1884 159 30 325 108 2148 251 2085 73 2149 2150 2150 131 212
T32 49 272 270 2056 1033 2056 270 270 2122 2151 1181 1682 903 587 33 2152 387 1877 2153 2056 341 527 2154 2155 2156 288 2157 517 307 2158 2159 2160 389 2161 371 2162 530 927 1062 1063 2163 732 1890 1142 90 1728 29 4 2164 517
T180 50 106 30 424 143 73 30 143 2165 1707 159 30 143 96 4 2165 1707 837 4 159 30 143 1023 319 48 4 159 160 2165 1707 1355 1542 206 2166 577 2167 225 2132 2168 2166 4 439 647 2169 2170 1091 643 439 511 125 1575
T14 49 317 318 327 272 320 321 322 340 210 288 1760 1761 348 1037 326 327 328 242 143 329 330 331 332 333 334 327 335 333 329 336 337 338 339 340 291 341 342 343 291 272 279 344 567 320 1332 1762 1763 1764 768
T20 49 661 125 126 271 793 794 53 90 976 341 795 796 178 90 976 797 798 799 800 167 795 801 792 125 126 802 476 374 438 803 466 128 111 661 123 125 126 804 805 804 749 804 284 804 806 271 793 794 53
T28 50 270 270 270 1436 2171 356 1860 272 3 368 654 1015 2172 270 1661 416 1661 451 64 55 2173 1360 2174 270 119 368 368 272 1634 1640 1297 1330 321 322 1368 272 96 76 619 732 44 666 270 368 44 272 294 230 2175 315
T37 50 2176 2177 2176 2177 2178 1865 2179 1273 1406 89 1603 2180 2181 2178 1112 524 1740 1360 1136 2182 2183 888 889 243 356 2183 1183 15 2184 2183 2185 888 2186 2178 2180 1590 2187 2188 2189 2190 2190 2191 2192 2193 2194 2195 2196 2197 2198 1769
T41 50 1364 1365 510 2199 1364 1365 510 304 352 106 353 357 763 73 666 1222 251 354 618 1332 490 1365 510 304 352 353 351 346 1366 468 1367 356 294 802 600 642 641 438 352 346 1368 1369 358 33 834 1273 642 1274 184 1370
T182 50 106 30 424 143 73 30 143 2165 1707 159 30 143 96 4 159 30 143 4 2165 1707 837 4 2165 1707 65 29 813 557 143 577 332 2167 225 29 813 557 51 1089 686 686 511 125 1575 1187 234 7 73 30 143 195
T157 50 213 214 215 216 217 578 982 216 130 217 218 219 220 221 222 223 224 106 225 226 227 228 229 230 231 232 233 234 235 236 228 229 237 238 239 231 232 233 94 240 233 241 242 243 244 245 246 247 248 249
T94 50 953 251 48 885 953 251 48 953 1667 2200 2081 1692 51 251 954 910 955 956 957 958 710 685 959 960 834 961 962 963 964 965 966 967 968 969 514 222 104 970 314 971 972 973 974 975 90 976 90 977 90 978
T22 49 272 2201 272 2201 2202 2203 2 35 2201 104 321 322 272 96 1234 513 6 177 1592 321 2204 321 30 559 2205 2206 2207 1276 739 1012 1385 2208 73 666 381 556 1582 0 2208 826 443 2208 506 776 1130 53 321 2209 2208
T71 50 490 490 2114 2210 2211 2212 2212 2212 2213 2213 2214 2068 2068 2068 2068 2215 2216 2216 2217 2217 2218 2218 2218 2218 2218 2218 2218 2219 2220 564 2221 2222 2223 575 1080 575 2224 1271 2225 2226 1724 563 2227 2227 2228 1803 2229 2229 74 1039
T229 50 1593 906 1063 1642 1646 45 2230 957 123 1593 123 321 257 274 644 744 433 1033 909 321 0 45 0 1363 0 530 1190 2231 2232 1694 906 512 1190 2231 906 123 125 906 51 1177 739 1646 906 469 803 251 0 294 1592 321
T91 50 1422 2233 512 2234 2235 91 1139 76 706 1422 2233 512 2234 2235 91 1139 76 706 514 131 869 982 434 955 2236 315 955 1268 956 2237 315 956 2238 2239 957 2240 957 1479 710 90 2241 710 2242 834 2243 315 834 567 509 314
T155 50 2244 324 58 419 2245 332 1443 208 123 131 2244 803 2244 2244 1312 111 2244 2244 123 324 44 280 869 869 2246 119 952 74 313 1443 339 324 2245 332 271 208 4 419 157 72 209 1443 339 419 1362 324 2245 332 2247 389
T263 50 99 100 101 102 103 104 105 106 107 108 109 110 111 112 113 114 115 116 117 118 119 120 121 323 109 123 99 100 101 102 103 104 105 124 125 126 105 99 100 101 102 103 104 127 128 129 130 131 106 107
T160 48 48 218 30 506 121 76 77 112 620 511 225 621 234 555 622 453 506 623 624 4 625 626 627 628 506 629 630 219 506 111 506 631 621 632 633 635 637 635 294 637 1034 1172 2248 635 638 462 1056 638
T222 50 661 29 206 515 0 1694 846 1694 0 787 374 438 803 466 128 111 661 123 0 1878 0 515 0 1694 0 787 29 206 515 0 1694 846 1694 0 123 786 118 2249 113 707 846 787 2102 803 469 924 2250 2251 123 29
T178 50 313 469 294 2252 48 159 30 40 2253 2252 924 1558 30 44 30 506 30 52 120 111 75 2252 48 159 30 40 2253 120 533 108 2253 1819 803 44 2254 35 2255 2256 1837 2257 2258 1837 1042 1837 1879 706 48 159 30 40
T272 50 661 1212 2259 381 909 90 2260 1369 710 514 104 90 976 2126 1616 2261 1987 48 374 438 803 466 128 111 661 123 661 90 2260 114 29 6 381 661 1212 123 112 114 744 751 1033 294 2262 1187 557 671 45 6 29 381
T261 50 548 2263 51 2264 548 739 548 2263 51 116 131 2265 2266 489 548 2263 2267 1019 2263 121 519 485 1018 313 482 326 2266 2090 885 313 489 2263 1892 2268 548 2263 737 2264 548 739 737 2263 51 1892 2268 2263 371 460 1892 2268
T233 50 173 2269 1116 1 2270 0 2271 173 110 76 277 2272 2273 485 259 482 78 1846 76 2274 2275 803 173 123 113 173 1425 111 164 2276 579 173 744 751 2277 1102 2278 114 2279 424 769 579 514 786 1379 769 2280 769 67 769
T210 50 1027 159 30 1645 217 1027 243 75 1511 326 73 30 1418 610 2281 2282 73 30 1418 610 610 1020 787 1418 159 30 1027 159 30 1423 2283 159 30 1995 2284 159 30 1027 159 30 114 1423 2285 30 150 2286 2287 30 1232 1283
T259 49 48 126 548 1619 313 618 307 1726 90 1137 549 1222 251 106 353 48 381 143 48 126 548 1619 1137 2288 36 35 1834 473 988 307 1726 121 549 2289 708 2290 1207 48 381 143 48 126 548 1619 36 291 36 871 946
T23 49 272 2201 272 2201 2202 2203 2 35 2201 104 321 322 272 96 1234 513 6 177 1592 321 2204 321 30 559 2205 2206 2207 1276 739 1012 1385 2208 73 666 826 381 556 1582 0 272 902 443 2208 506 776 1130 53 321 2209
T24 50 356 294 1136 356 294 1136 443 1136 1406 2291 1430 2292 1273 888 889 1220 805 2293 2294 746 888 2295 1234 2296 356 2297 2291 2298 2299 2300 2301 443 1421 1422 2302 2303 2292 2295 1894 904 888 1228 888 889 48 1229 900 742 2304 2305
T189 50 159 30 58 469 76 63 54 29 143 159 30 143 159 30 58 469 76 278 44 48 40 251 159 30 604 313 251 125 159 30 740 470 108 2306 1819 2307 212 4 159 30 143 704 2308 1016 44 294 65 837 2309 143
T75 50 2310 1015 2311 929 2312 2310 2313 2314 1052 512 1032 2315 2310 1015 1407 64 1435 955 2316 805 1368 2317 2318 2319 2320 564 1365 2321 1065 2322 2323 2323 2324 194 282 805 1368 509 2325 2029 2326 2327 2328 2329 667 2330 2330 2330 2323 2316
T228 48 2269 1116 1 2270 0 2271 2269 1116 1 2331 295 2332 2333 2271 2334 90 2335 2336 356 2337 736 784 2338 2246 449 75 292 2316 769 2151 1 291 2339 1107 2269 1116 1330 445 769 2151 1800 2340 257 72 559 2271 67 730
T35 49 320 0 1582 321 644 1583 270 320 0 577 287 288 0 1583 644 1584 234 1364 362 320 0 1582 321 1585 234 43 195 43 195 1372 321 322 272 320 270 1228 326 644 90 84 0 143 320 0 577 999 2341 1136 0
T188 49 159 30 1385 1794 1310 1706 1707 39 57 58 59 159 30 2342 639 1628 1142 2343 415 806 67 2344 1462 30 2345 2346 415 89 423 1392 1385 1249 159 415 2347 2348 2051 55 1179 1387 1419 159 30 2286 2284 2051 59 92 2349
T216 50 0 294 48 381 123 131 0 294 356 1 2350 0 294 2351 45 724 1648 0 294 63 614 206 1015 0 1363 1642 919 629 630 48 381 313 512 885 417 469 76 44 2351 45 3 206 0 294 48 381 469 2352 0 45
T245 50 2353 2354 438 678 2355 773 323 2353 2354 1198 438 678 2355 773 106 802 787 2353 733 1089 1198 2356 242 678 2355 773 764 1458 1198 2357 570 798 514 2356 242 272 2358 2359 1297 768 769 19 2354 2353 749 251 768 769 2114 2353
T56 18 212 1772 549 549 35 490 2360 510 1039 2066 2361 108 2362 2363 110 1640 2364 212
T21 50 661 2365 552 125 126 105 2365 552 803 466 128 111 661 123 197 2366 197 1363 53 1111 2365 552 125 126 105 801 792 795 2367 2368 2369 2370 2371 2370 2372 1495 1283 125 126 105 125 126 809 129 130 273 1246 131 125 126
T220 50 0 1 0 1 1648 294 0 2373 0 1986 1986 0 2374 0 1276 2375 2376 2377 0 45 0 294 0 1 19 0 0 19 732 1656 2165 0 0 1894 187 1826 250 187 1550 1708 784 2378 0 250 1551 2379 2380 2381 2382 3
T42 50 1603 670 143 2383 909 744 183 346 2384 1407 641 642 490 510 358 33 834 1274 184 1233 183 323 803 2385 2386 106 353 473 353 352 351 346 733 2387 1278 96 2388 1407 641 642 490 304 1365 510 1332 33 834 1273 642 1274
T114 50 381 321 210 327 1019 2389 469 1019 123 111 2390 67 2389 257 2389 765 2389 1019 744 750 751 1019 1029 2390 1453 2390 2389 143 287 2391 2392 2393 51 2394 2395 143 871 1664 2396 2397 1099 44 2398 143 644 750 751 2399 381 2400
T135 50 32 2309 143 739 1388 1448 1020 1008 2115 2345 257 2401 32 2402 711 732 2403 315 2404 1253 600 2405 696 2406 2407 1015 257 2408 2402 1362 2409 2410 1905 73 44 291 32 2401 2402 2342 295 730 86 1572 332 1393 805 244 32 102
T169 49 2411 2412 50 2413 2195 2414 2415 244 1260 76 1826 2416 2417 2418 2419 2420 2421 2422 2423 2424 2425 2426 2427 2428 2429 2430 2431 2432 2433 72 51 223 738 1 799 2434 48 1036 2434 957 2435 1290 1669 957 2436 72 106 2437 48
T235 50 2438 0 1437 513 2439 223 871 2438 0 1437 490 2440 1689 1385 6 1437 2438 0 2441 1874 2442 725 736 2443 2438 0 2164 1028 295 2444 113 2164 2445 1107 2446 2447 2438 0 487 3 516 0 2448 2449 2164 1437 0 2450 694 2451
T266 49 48 126 548 1619 313 1137 549 1222 251 106 353 48 381 143 48 126 548 1619 1137 2288 36 35 1834 473 988 121 549 2289 708 2290 1207 48 381 143 48 126 548 1619 36 291 36 871 946 1833 35 1834 473 988 604
T120 50 1019 1668 802 294 1029 60 1783 45 4 388 389 1668 32 2452 2029 2453 1042 622 74 1137 2454 1061 469 76 470 29 1668 1061 985 2455 217 726 191 756 600 29 2396 60 608 40 2456 32 2457 1749 1668 32 390 1573 2458 221
T49 50 807 55 808 267 292 90 810 251 45 106 291 811 267 812 813 55 814 808 292 164 44 312 815 819 820 826 373 27 821 822 823 2459 824 825 73 817 818 666 827 828 815 2029 2460 2461 90 1019 832 811 1929 1397
T44 50 641 2462 348 1364 1365 510 304 352 106 353 357 763 73 666 1222 251 354 2462 348 641 642 618 1332 490 1365 510 304 352 353 351 346 1366 468 1367 356 294 802 600 642 641 438 352 346 1368 1369 358 33 834 1273 642
T69 50 116 1553 476 2463 2464 869 116 1553 476 2465 212 470 108 906 110 470 108 356 906 110 470 108 906 110 1665 470 108 906 110 112 212 2466 470 2467 2468 1061 2469 1824 48 381 143 2470 619 4 2471 2002 612 470 108 906
T39 50 125 126 1448 342 809 273 1246 355 140 2472 273 1246 625 999 813 303 644 1840 447 355 2473 2474 243 2475 1840 355 813 999 1840 1493 813 625 999 2301 1840 2476 140 2473 2474 243 355 619 96 291 44 1493 1494 1840 355 813
T232 50 1591 2477 959 0 45 0 45 51 51 753 1581 1556 106 0 294 45 73 546 0 2478 243 0 45 51 1187 251 125 740 1011 0 959 29 120 106 2479 2480 291 0 45 2481 506 2482 2483 433 1362 243 1385 1360 47 1248
T283 50 1003 29 2484 104 1005 110 123 131 251 368 251 620 143 1003 29 272 2484 1006 315 2484 44 251 740 29 230 1007 29 789 1008 1009 75 1010 130 1011 790 1012 104 106 45 2 313 2484 73 506 44 2484 2 959 230 251
T194 50 126 471 2485 2486 76 123 2485 744 750 294 58 76 111 803 2337 2014 2487 2488 1090 2489 654 2490 2491 2492 1932 48 871 126 471 2486 792 2493 2494 2493 2494 347 2494 2495 2485 605 1032 276 605 230 803 44 2496 1772 2496 1187
T280 50 2497 60 711 1566 2497 60 711 1566 2497 60 711 1566 698 48 2498 424 86 45 152 2499 398 1635 546 114 60 711 2087 702 603 885 299 2351 1840 548 76 243 871 1733 548 2500 2497 1566 217 1515 2501 417 2497 58 2502 2497
T129 49 291 48 419 1592 662 419 662 44 2503 1668 32 230 419 845 323 2504 419 662 44 2503 328 768 1694 518 217 2505 44 1028 230 2506 331 1260 518 922 742 2507 230 243 374 518 2508 1694 243 1743 94 251 869 1110 1668
T146 50 1408 1408 2509 2510 2511 387 2512 970 1568 2513 2514 1493 1136 393 2514 307 1553 1486 90 419 647 268 122 290 292 280 7 125 1576 419 2515 195 479 2516 231 491 757 2517 2518 2519 479 2520 231 491 757 2517 789 2258 2521 1140
T85 50 263 112 490 438 2522 1533 2523 2524 1529 2525 2526 256 257 3 2527 2528 252 2528 252 1529 2529 2530 843 74 1780 1780 131 1780 131 244 1780 131 244 1780 131 244 1780 131 244 1780 131 1757 1780 131 1757 1780 131 1838 1780 131
T164 50 48 218 30 506 121 76 77 112 620 511 225 621 234 555 622 453 506 623 624 4 625 626 627 628 506 629 630 219 506 111 506 234 2531 2532 225 231 2533 2534 1726 2535 1553 112 121 622 1689 453 2536 328 622 2537
T203 50 159 30 1865 30 2538 291 1231 2539 314 106 30 30 2538 512 2540 73 2540 55 487 2541 515 0 2473 787 2541 1576 2473 787 2541 159 30 1865 2542 2543 2541 159 30 1865 123 30 2538 159 30 1865 131 159 30 1231 2539 294
T171 50 1139 595 1023 47 2180 2544 2545 595 1023 47 2180 2544 2545 470 2546 61 110 2180 2180 538 1139 215 708 392 2547 303 178 324 2548 2549 2533 432 1129 396 2550 2551 2029 74 2552 2553 2554 2022 2555 1724 941 1724 74 2556 2557 2558
T285 10 458 678 108 2559 251 155 2560 458 678 212
T264 50 2561 2562 2563 73 2224 2564 482 2565 2566 127 128 2567 1051 2568 1423 945 2569 2570 622 2561 2562 2571 2572 775 2573 2574 2575 2576 2577 2376 2578 2579 2278 1436 1222 251 711 2135 2580 945 2581 2396 716 2582 2583 2584 2568 2585 2586 290
T66 50 1364 1641 74 1137 1364 44 622 2587 346 641 813 53 1641 473 354 1626 2587 733 513 353 352 351 346 1443 244 53 813 641 642 919 2588 183 996 96 1275 604 1603 670 143 2589 341 210 2587 1833 346 2590 96 1407 641 919
T54 50 1409 357 2591 1246 210 987 2592 969 327 1409 357 2591 1246 2593 2592 2594 2595 2592 969 987 326 1330 217 2591 1760 509 2596 1332 2597 1760 2598 2599 959 1760 2600 959 1760 2601 2602 2015 2603 1222 251 2604 445 2605 2591 1760 2606 74
T142 50 419 44 231 577 466 128 466 131 243 466 526 485 527 528 482 529 530 531 532 528 419 44 231 577 533 131 470 108 534 453 110 535 536 1996 538 542 490 479 2520 479 2516 544 1997 479 2520 479 2516 1027 1999 706
T10 48 316 2607 2608 2609 76 272 320 316 210 270 320 321 322 2610 1388 270 73 324 325 270 210 2611 1330 217 1813 1806 1808 217 272 1136 1815 2612 2613 2614 2612 2615 2083 2616 2617 2618 270 322 270 272 96 2619 322 1330
T274 50 99 100 101 102 103 104 105 106 107 108 109 110 111 112 113 114 115 116 117 118 119 120 121 323 2316 109 123 99 100 101 102 103 104 105 124 125 126 105 99 100 101 102 103 104 127 128 129 130 131 106
T248 50 104 74 74 74 104 75 76 77 78 79 80 81 79 82 83 104 79 80 81 79 82 83 104 84 85 86 87 87 88 104 89 90 91 90 91 92 104 93 91 2620 93 91 2621 95 96 90 97 98 91 90
T200 50 869 462 65 837 2132 2168 2165 1707 2622 159 2622 106 30 424 143 2165 1707 159 30 143 96 2623 424 818 85 2624 2132 2168 2165 1707 2622 2625 159 2622 14 2257 1241 299 54 2 2626 29 251 2627 48 2132 2168 2622 1823 1241
T81 50 1524 225 836 129 225 836 445 446 43 445 446 143 106 1523 1091 2628 96 105 644 277 330 1364 708 263 278 277 263 1364 313 277 243 2629 433 277 243 2629 433 611 263 1800 277 732 263 256 316 263 256 252 2630 2631
T250 50 104 104 79 80 81 79 82 83 104 79 80 81 79 82 83 104 84 85 86 87 87 88 104 89 90 91 90 91 92 104 93 91 2620 93 91 2621 95 96 90 97 98 91 90 97 98 91 92 93 91 94
T163 13 140 231 2632 207 836 108 208 110 758 759 612 207 212
T257 50 906 2633 2634 2635 398 1529 234 869 1351 2400 2636 907 908 51 48 381 143 2637 2638 2636 2125 907 908 51 906 869 2639 2400 1351 2637 2638 2624 2640 907 922 398 2634 2635 470 108 2641 906 110 2642 212 473 988 907 908 51
T70 49 856 2036 2037 510 19 870 2643 860 236 856 861 268 2154 2644 867 2036 2037 510 19 870 2643 234 2645 869 870 871 872 873 415 874 875 873 2646 870 2643 1028 2036 2647 878 2036 2037 510 356 883 2648 390 870 2643 2438
T96 50 32 32 79 80 81 79 82 83 32 79 80 81 79 82 83 32 84 85 86 87 87 88 32 89 90 91 90 91 92 32 93 94 93 91 95 96 90 97 98 91 90 97 98 91 92 93 91 94 93 97
T247 50 104 625 267 2649 1033 2650 798 2651 2652 2653 2264 2654 1033 176 676 2655 2656 1033 2657 799 1033 2658 2030 1334 1033 2659 2660 90 2661 1033 2662 2663 2664 2665 2666 2030 2667 2668 1830 2669 800 2670 2671 2141 315 1033 2671 2672 2671 2657
T190 50 63 2165 1707 159 30 73 159 30 143 646 1469 2673 2674 518 243 1452 1363 1418 1444 805 251 1986 106 424 143 63 2165 1707 159 30 63 2165 1707 159 30 73 159 30 143 646 1469 2673 2674 518 243 1452 1363 1418 1444 805
T98 50 1019 1669 1019 1669 1357 1669 1679 123 803 751 111 76 77 929 1357 123 1672 873 1673 44 751 3 1674 226 1675 744 1357 1670 1560 1671 1015 1676 295 1357 4 91 86 776 1357 240 1357 1677 1678 1555 1357 1669 1679 1015 86 1518
T251 49 2675 476 2676 2677 676 2678 67 416 368 76 2679 123 131 2679 1131 909 123 131 48 670 2680 577 123 1529 2681 662 803 2682 2683 48 1603 2680 1318 2684 176 478 1042 696 2682 2683 48 1603 670 2680 469 131 1853 2685 1838
T64 50 210 330 640 641 642 643 644 78 650 123 2686 2687 2688 691 458 123 625 291 79 76 111 650 120 1485 803 650 79 1099 1099 476 1486 1099 275 183 125 1136 79 1136 1487 291 125 1257 1136 740 1488 291 125 1489 662 1490
T133 50 32 2689 2690 2691 51 288 288 869 1625 1127 2692 2689 813 51 2693 1625 869 1423 729 217 869 2646 802 1418 85 1298 531 531 32 1511 426 2694 813 51 2695 311 2696 2691 32 2697 2698 2699 2700 2701 2702 373 2293 2703 2694 813
T92 50 1090 1418 291 1187 352 53 157 662 44 4 43 215 1742 1772 157 336 1444 43 106 30 424 143 1093 1742 157 278 1360 73 30 30 52 143 424 143 29 2704 2705 1093 157 336 1444 854 267 157 919 1772 157 282 2706 1261
T265 50 99 100 101 102 103 104 105 124 125 126 105 99 100 101 102 103 104 127 128 129 130 131 106 107 1008 1052 96 2707 2085 99 100 101 102 103 104 1495 99 100 101 102 103 104 2708 1396 2709 2710 104 1760 2711 143
T224 50 2712 2713 45 51 2714 152 2715 213 1517 2334 0 2258 1648 152 2716 2717 2718 531 3 1566 1648 45 51 0 45 51 619 75 45 1433 1361 2058 0 546 356 294 1020 0 1276 2719 1011 1646 51 1564 805 2455 259 217 2717 398
T16 48 2720 0 1582 321 323 326 327 328 242 143 329 330 331 332 333 334 327 335 333 329 336 337 338 339 340 291 341 342 343 291 272 279 344 567 320 271 323 2721 2722 559 836 2723 567 320 2720 2724 576 1723
T204 7 108 2725 251 1736 72 2726 212
T187 50 1460 1461 291 349 1462 159 30 1463 30 294 120 1460 1464 30 143 291 349 1462 159 30 294 4 30 114 1468 120 73 1235 349 30 349 30 123 131 1461 123 131 111 1461 76 294 4 1468 30 120 73 392 1469 726 191
T287 50 81 79 1222 251 2727 2728 134 633 2729 354 548 291 81 79 1222 251 473 368 466 291 2730 1423 633 2729 1665 2731 2732 226 2733 2172 2734 813 1248 2735 2736 298 561 715 1419 354 1127 2737 1088 73 26 2364 81 79 2727 2728
T288 50 335 2738 518 335 2739 919 285 1486 802 1865 1364 2740 2741 2742 844 121 2739 919 577 46 738 58 7 2738 0 294 2740 335 525 2238 2743 676 1825 2744 106 353 353 1002 1594 1594 1023 1222 251 802 787 740 661 2745 630 2745
T90 50 32 953 51 1029 953 251 48 32 29 143 1012 226 35 36 37 32 1042 108 1819 953 788 100 48 29 143 251 291 226 35 36 37 32 1042 108 2746 1819 1266 953 1553 60 1575 2747 1126 206 1220 60 1385 1545 1090 2748
T121 50 123 2749 2571 741 2750 2751 826 330 2752 2207 2604 852 1179 2753 2604 2754 2604 2755 2604 279 2604 2756 315 1435 143 2756 315 321 159 2757 2758 2345 2756 315 1313 143 739 2759 2756 315 30 106 2756 315 159 30 321 321 1640 2756
T123 50 122 744 871 2760 2761 620 2762 2763 2761 1115 323 37 1292 506 514 220 986 2764 33 557 1318 37 1625 1626 1623 2765 1625 2766 2767 604 32 106 73 324 989 1831 2768 2769 774 902 1015 126 620 2770 1666 126 2763 1625 1626 1623
T87 50 966 100 256 252 259 44 307 1909 2771 2772 52 2773 1362 252 1529 686 2774 2775 2776 100 140 252 805 1456 122 2777 2773 1362 252 1529 332 2778 451 377 2779 2780 2781 377 125 252 256 1730 2782 119 1780 2773 1362 252 1730 2783
T134 50 32 2309 143 739 2784 2785 1448 1020 1008 2115 2345 1898 2786 2787 2491 1901 822 2788 2789 1368 1905 741 2345 1008 310 749 2401 2790 666 1137 639 1048 1055 1900 1901 1902 1903 1904 1905 1906 459 1907 1902 1890 1496 1897 1898 1908 1236 1909
T183 47 159 30 1819 1485 131 243 2791 2792 131 2793 485 2794 2791 1865 485 586 63 1819 1485 1485 1795 251 368 481 2249 512 251 469 76 2061 1795 106 30 159 30 63 2795 387 1037 2796 2797 803 925 251 2797 1914 538
T150 50 61 726 2798 2086 828 2799 6 9 2798 2086 828 2800 1553 1520 828 2801 1367 2802 1321 1510 822 822 278 622 2798 243 438 1038 837 622 2086 243 1038 837 1038 837 468 2803 1784 2804 1704 29 418 243 822 364 2798 2086 2798 2086
T0 2 272 270
T26 50 1003 29 270 104 1005 110 123 131 251 368 251 620 143 1003 29 272 270 2141 315 272 270 1017 329 270 123 131 2209 106 73 506 270 44 251 740 29 230 1007 29 789 1008 1009 75 1010 130 1011 790 1012 104 106 45
T191 50 159 30 1231 2539 1645 120 1422 844 2805 1231 2806 2748 2807 301 2806 1733 1422 46 844 1422 221 1422 251 315 1019 1987 73 30 740 251 315 1987 424 818 143 251 1011 2805 73 324 2560 1936 2808 2808 2689 1819 3 2809 2808 2810
T149 50 1399 150 869 1400 1401 128 941 941 1402 72 2811 1403 1404 388 389 1405 682 1406 44 640 200 271 543 2812 1770 395 1106 1407 543 231 495 545 757 1408 1056 419 1409 357 210 987 1040 1041 328 73 1410 982 519 982 395 1106
T9 50 317 318 327 272 320 321 322 340 210 342 1760 1761 348 1037 1332 564 1812 1813 768 210 592 1726 326 1804 321 322 1330 564 1812 1813 1802 1803 1805 1806 1807 1808 1083 1809 1804 272 1136 1814 1815 330 352 321 322 2813 2814 326
T128 50 1385 143 1793 73 32 106 1385 32 1062 4 32 2815 1114 2816 1379 2817 53 1298 157 63 2818 63 1046 2819 1484 919 2462 1733 234 518 874 2820 2821 869 2462 869 2822 518 874 2823 941 27 619 46 2824 2825 2482 282 46 2824
T219 50 2437 48 1036 29 206 2826 1 3 2826 1015 1 3 294 4 1 1491 54 1 2827 1017 1 3 2828 3 2455 449 127 333 197 2829 2830 2831 2832 2833 2629 1222 732 774 666 2833 2834 2835 2836 355 243 355 355 2837 355 2838
T242 50 2839 2840 1364 2777 2841 1276 183 321 2842 2843 676 0 1276 959 2844 2845 2846 387 2842 1065 957 2847 2841 321 1819 55 299 1574 0 1276 2848 2849 106 0 2850 2848 2849 2363 1136 1136 1413 1298 2851 0 1276 51 1019 2848 2849 206
T267 49 2379 2852 76 710 2853 1861 773 1045 2854 711 45 51 8 2855 750 76 803 48 381 143 605 1266 2379 2852 76 710 251 490 121 268 1840 155 2856 2857 2858 2859 514 35 678 40 2561 2860 155 1328 2861 458 2862 2863 1318
T110 50 2864 1692 744 183 32 106 96 143 1127 2692 1625 2865 2866 604 1233 183 1386 2044 1625 2692 2602 2115 1096 1039 1484 2867 2868 1723 1910 2869 1692 217 1389 2870 2868 2871 37 1625 1127 2692 733 2872 1120 289 32 1039 1484 2867 2868 1723
T102 50 1015 86 424 143 2345 143 321 30 106 424 143 291 349 577 1136 424 143 1015 86 424 143 923 30 424 143 424 143 1015 86 1015 51 698 1063 86 732 1260 29 313 2873 51 1063 1015 75 29 1015 86 1706 419 159 30
T234 50 957 2874 324 869 7 1798 2875 518 1485 957 2874 324 869 1485 0 2876 2875 1482 3 1482 2875 295 2875 206 2877 2783 206 2878 0 2876 2875 206 244 2879 206 1260 489 0 2876 58 3 1428 2879 2880 0 2881 206 2875 2879 2880
T5 48 1177 60 919 267 919 490 919 267 2882 272 373 1269 2883 919 50 490 2882 272 373 1269 2883 909 946 1181 251 121 2882 268 605 987 859 549 1182 1183 642 787 1180 676 577 905 1184 1185 792 1186 1187 1188 1189 1190
T138 1 231
T243 3 548 678 104
T97 50 1019 1669 1019 1669 2610 2827 2884 463 123 803 751 111 76 77 929 1357 123 1672 873 1673 44 751 3 1674 226 1675 744 1357 1670 1560 1671 1015 1676 295 1357 4 91 86 776 1357 240 1357 1677 1678 1555 1357 1669 1679 1015 86
T13 49 272 320 321 322 340 210 1760 1761 348 1037 326 327 328 242 143 329 330 331 332 333 334 327 335 333 329 336 337 338 339 340 291 341 342 343 291 272 279 344 567 320 1332 1762 1763 1764 768 210 592 1726 326
T252 50 80 82 96 83 104 84 85 86 87 87 88 104 89 90 91 90 91 92 104 93 91 2620 93 91 2621 95 96 90 97 98 91 90 97 98 91 92 93 91 94 93 1249 97 98 91 95 96 90 2885 91 2885
T117 46 2886 2887 2886 2887 2888 2889 2886 2887 2888 2889 2890 2891 268 2892 2893 836 2894 2095 2890 2891 2886 2887 1665 4 95 2095 2895 2886 2887 2888 2889 2095 1699 268 2896 621 234 263 899 290 2897 2898 2897 2886 110 2899
T202 12 1912 106 30 1819 1485 108 1913 251 1736 2900 1914 212
T209 50 2901 840 469 2273 73 143 44 1492 342 464 131 330 2844 1819 1867 1380 96 1819 1867 706 1277 2273 1380 96 2902 1469 222 1380 96 922 2472 2903 44 1642 2902 2904 222 1380 96 65 51 2905 2906 2902 2907 703 698 222 549 2681
T74 50 2908 1681 271 2909 313 251 321 73 817 63 2910 55 378 251 321 73 817 2908 1681 271 2909 313 2911 378 2912 2913 378 490 549 378 1689 332 449 2914 113 378 378 277 378 2635 378 1926 2915 813 803 321 744 44 2916 1507
T201 50 30 1416 1556 1600 662 662 273 1246 106 835 740 424 143 251 2261 106 835 1473 282 2060 1254 1360 1555 1107 326 1246 2917 73 2060 323 986 73 348 843 342 323 592 592 2207 291 1696 1037 251 35 2918 2261 44 1094 2919 2060
T3 48 453 744 183 272 210 2798 2086 828 72 798 48 218 30 48 4 2798 2086 828 2920 1233 183 1386 292 1968 803 2921 2365 2920 656 2922 272 210 2798 2086 828 72 798 48 4 2798 2086 828 453 2923 2924 2925 1704 4
T185 50 51 2926 614 671 2927 987 2165 1707 159 30 143 96 106 30 424 143 1423 129 1327 805 1228 195 462 2165 1707 159 30 143 96 1095 2928 2929 2930 1192 1418 1363 328 471 2165 1707 65 1702 837 159 30 143 2931 740 195 931
T151 50 267 1566 210 2062 2062 869 2932 123 76 112 803 2933 1459 111 2932 123 44 405 73 44 30 55 44 72 2932 46 72 620 72 294 1571 398 2062 869 1112 2122 671 1052 662 1129 396 1016 151 744 751 4 2932 123 44 72
T215 50 0 1 114 0 1 114 313 0 707 732 0 0 0 1907 2934 708 19 732 1656 1916 1419 187 7 1635 0 19 1179 1109 0 737 14 0 19 20 21 22 187 0 0 187 121 119 791 113 1107 1826 0 1878 0 119
T273 50 603 415 85 818 2673 2910 2935 160 1696 1520 818 85 30 143 72 603 313 2936 2937 90 2260 1704 4 473 35 389 798 104 2938 2939 739 30 324 2123 106 2180 58 251 957 2374 2940 1749 2238 2941 957 563 2942 221 967 1704
T198 14 378 159 30 304 108 2943 2944 110 2945 2946 2946 2946 2946 212
T106 50 1623 2134 349 32 349 386 1064 1233 183 2610 809 2316 1623 2134 349 32 349 386 1064 37 2947 1625 1626 1623 2134 349 32 349 386 1064 2311 2948 83 143 32 1434 546 32 1141 2949 83 1601 349 1623 1902 355 1509 366 1865 67
T38 50 125 126 1448 1115 809 273 1246 1111 2950 661 234 2951 2952 1094 293 243 2950 383 647 274 661 282 2952 1094 243 2950 1619 2952 1094 2953 2954 2159 197 195 277 7 48 1112 2122 1459 195 2955 1726 2911 1246 2956 44 922 2957 2954
T126 50 874 625 273 65 2958 51 607 362 1379 2545 282 1416 251 671 65 557 51 1642 65 1111 1021 73 310 203 1706 419 1702 326 519 520 242 118 243 671 65 2958 51 607 1625 1416 671 1867 671 2959 225 854 854 2960 65 143
T275 50 678 676 899 619 674 675 676 577 462 1228 48 674 675 676 577 787 1601 676 2961 140 90 125 919 1475 1476 325 2962 2963 2397 364 674 675 676 676 1471 2258 2742 2265 1601 356 790 776 786 48 674 675 676 577 676 1471
T289 50 48 548 2497 27 48 381 143 35 1037 2964 2965 988 313 48 548 2497 251 954 954 2966 1025 1025 315 954 2967 2968 76 2108 315 954 2969 386 2970 315 954 517 693 76 2971 315 954 2972 2973 2974 2856 2975 2976 315 954 1019
T58 11 212 2364 1619 108 2362 2363 110 1640 2364 2977 212
T268 50 76 765 684 971 1599 909 48 381 143 123 506 111 1599 2978 76 765 76 77 956 964 968 969 971 972 2033 7 1220 1198 1207 313 1840 2979 790 548 76 251 482 490 251 313 1019 1019 326 313 417 76 765 77 1019 909
T101 50 2031 671 86 744 44 251 1312 51 44 2980 1099 424 294 374 438 76 77 1692 96 91 86 1665 2031 58 512 84 1576 2981 45 51 1666 736 726 191 73 58 512 803 1666 736 32 1668 2982 2983 2984 873 183 2985 290 1692
T212 4 1 3 206 0
T130 50 909 29 2926 2902 1380 869 291 48 1380 662 323 691 458 2965 393 2089 326 548 691 458 1696 2902 1380 291 48 1380 662 2986 1409 1012 2902 1380 1756 1978 607 909 1458 662 2926 121 521 2926 619 605 303 29 1330 847 2987 473
T132 50 48 1019 29 1298 100 1668 32 2962 996 102 557 2988 2114 1247 48 1019 100 1668 32 987 706 1024 2989 48 1019 100 2990 732 2991 2992 2993 2994 2995 919 2989 2962 1242 2990 1978 3 63 29 1298 40 2996 121 2005 37 2997 2759
T52 50 125 2458 2998 940 510 72 742 294 2458 2962 377 2525 577 742 2525 577 398 7 940 510 2998 2525 577 398 7 63 2458 2962 377 2525 577 803 44 940 510 2999 110 2717 1360 2962 1257 218 2180 120 3000 45 1031 85 90 810
T55 50 352 346 3001 79 1278 3002 350 1353 1352 1187 352 373 3003 106 353 291 352 1233 183 2784 803 633 1265 352 346 3001 79 1278 3002 350 1353 1352 1187 352 373 3003 473 353 352 351 346 733 3001 79 1278 3002 350 1353 1352 1369
