0.0 0.0 0.0 0.0 0.0 0.0 0.0 0.0 0.0 0.0 -0.51538258791 0.0 -0.987699389458 -0.139106243849 -0.043173328042 0.0943195521832 0.293209910393 1.04201173782 1.69402265549 3.38123822212 0.432907134295 0.455875098705 1.14071381092 0.0 0.0 0.0 0.0 0.0 4.99999904633 0.0 0.0 0.0 0.0 0.0 0.0 0.0 0.0 0.0 0.0 0.0 -0.572990715504 -0.608401060104 -0.801759362221 -0.919598460197 -0.0258585345 0.358817219734 0.549477279186 0.590759396553 0.0 0.0 2.16453576088 0.0 0.0 0.0 0.0 0.0 0.0 0.0 0.999999284744 0.0
0.0 0.0 0.0 0.0 0.0 0.0 0.0 0.0 0.0 -0.337991058826 0.0 -0.22939863801 -0.106464006007 -0.386898756027 -0.0385518223047 0.12737813592 0.143891230226 0.62614017725 0.838565170765 3.70604109764 0.852408051491 1.82628679276 3.34871959686 0.652071416378 2.69274187088 0.0 0.0 0.0 0.0 0.0 0.0 0.0 0.0 0.0 0.0 0.0 0.0 0.0 0.0 -0.361480176449 0.0 -0.624302089214 -0.631787061691 -0.493651807308 -0.260263890028 0.382068395615 0.60544192791 1.50283038616 0.264666855335 0.335562169552 1.16395115852 0.487365543842 0.0 0.0 0.0 0.0 0.0 0.0 0.0 0.0
0.0 0.0 0.0 0.0 0.0 0.0 0.0 0.0 0.0 -0.690540671349 -0.255551069975 0.0 -0.380044907331 -0.233513727784 0.0627162382007 0.447833567858 0.407938122749 0.801472306252 0.587965965271 1.1111522913 1.57250654697 3.85566234589 0.0 0.0 0.0 0.0 0.0 0.0 1.99999964237 0.0 0.0 0.0 0.0 0.0 0.0 0.0 0.0 0.0 0.0 0.0 0.0 -0.204917386174 -1.05032932758 -0.714037835598 0.174896091223 0.35454338789 0.424599230289 0.437041223049 0.253801614046 0.0 0.865814268589 0.0 0.0 0.0 0.0 0.0 0.0 0.0 0.0 0.0
0.0 0.0 0.0 0.0 0.0 0.0 0.0 0.0 0.0 0.0 0.0 0.0 -0.511458992958 -0.0747797712684 0.068028613925 0.15456327796 0.266454607248 1.08394765854 1.57334113121 1.7137696743 2.88271427155 0.472022116184 2.25141406059 0.588725447655 1.33160996437 1.54677653313 0.854847550392 0.0 1.99999964237 0.0 0.0 0.0 0.0 0.0 0.0 0.0 0.0 0.0 0.0 0.0 0.0 -0.60199379921 -0.699260234833 -0.838797688484 -0.091678366065 0.279437035322 0.406572937965 1.2158318758 0.808938145638 0.0 0.865814268589 1.50634753704 0.0 0.0 0.0 0.0 0.0 0.0 0.0 0.0
0.0 0.0 0.0 0.0 0.0 0.0 0.0 0.0 0.0 0.0 0.0 0.0 -0.262396305799 -0.0747797712684 0.068028613925 0.15456327796 0.266454607248 0.656271338463 1.40753054619 1.7137696743 2.85519170761 0.472022116184 3.99416518211 0.588725447655 2.65135526657 1.54677653313 0.854847550392 0.0 1.99999964237 0.0 0.0 0.0 0.0 0.0 0.0 0.0 0.0 0.0 0.0 0.0 0.0 -0.60199379921 -0.699260234833 -0.838797688484 -0.0507293529809 0.377214044333 0.677152335644 0.836492300034 0.808938145638 0.0 0.865814268589 0.0 1.59088563919 0.0 0.0 0.0 0.0 0.0 0.0 0.0
0.0 0.0 0.0 0.0 0.0 0.0 0.0 0.0 0.0 -0.314626783133 0.0 -0.981948375702 0.0 -0.0806842073798 -0.162589505315 0.451740771532 0.445740103722 1.09603846073 1.97730302811 1.65568912029 1.17569744587 1.44682526588 0.0 0.0 0.6598726511 0.0 0.0 0.0 0.0 0.0 0.0 0.0 0.0 0.0 0.0 0.0 0.0 0.0 0.0 0.0 0.0 -0.810256242752 -1.79148185253 -0.475402086973 -0.0264490321279 0.249254927039 0.433021277189 0.673113942146 1.22904753685 0.0 0.414513021708 0.911478817463 0.0 1.17701566219 0.0 0.0 0.0 0.0 0.0 0.0
0.0 0.0 0.0 0.0 0.0 0.0 0.0 0.0 0.0 -0.325683474541 -0.308007836342 -0.623740315437 0.0 -0.223653674126 -0.0183087717742 0.0864509269595 0.286292612553 1.29014420509 2.2849009037 1.06747102737 2.12189888954 1.94509124756 0.577036559582 0.0 0.0 0.0 0.0 0.0 8.99999904633 0.0 0.0 0.0 0.0 0.0 0.0 0.0 0.0 0.0 0.0 0.0 0.0 -0.962152123451 -0.774317502975 -0.349429488182 -0.000625869259238 0.251018345356 0.625508308411 0.609936952591 0.267408639193 0.0 3.89616417885 0.0 0.0 2.36535978317 0.0 0.0 0.0 0.0 3.99999713898 0.0
0.0 0.0 0.0 0.0 0.0 0.0 0.0 0.0 0.0 -1.01661252975 0.0 0.0 0.0 -0.0499314442277 0.0129638165236 0.0 0.127460673451 2.9777007103 1.36866772175 3.35534572601 0.865814268589 3.8885641098 0.54949760437 0.0 0.0 0.0 0.0 0.0 0.999999821186 0.0 0.0 0.0 0.0 0.0 0.0 0.0 0.0 0.0 0.0 0.0 0.0 -0.918781518936 -0.250060379505 -0.59123146534 0.00343608576804 0.465982943773 1.2664372921 0.0 0.0 0.335562169552 0.432907134295 0.0 0.0 4.13088321686 0.0 0.0 0.0 0.0 1.99999856949 0.0
0.0 0.0 0.0 0.0 0.0 0.0 0.0 0.0 0.0 -0.322727441788 -0.259300470352 -0.186226218939 -0.567508220673 -0.200249314308 0.0136129483581 0.131758600473 0.793969631195 1.24056482315 1.64554178715 3.87580347061 1.27626776695 1.42720031738 0.0 0.0 0.0 0.0 0.0 0.0 1.99999964237 0.0 0.0 0.0 0.0 0.0 0.0 0.0 0.0 0.0 0.0 0.0 -0.269188553095 -0.368762016296 -1.81218266487 -0.689669013023 0.0212438777089 0.369606912136 0.453161180019 0.200526058674 0.0 0.0 1.25320672989 0.0 0.0 2.38801693916 0.0 0.0 0.0 0.0 0.0 0.0
0.0 0.0 0.0 0.0 0.0 0.0 0.0 0.0 0.0 -0.310486376286 -0.243285670877 -0.358910024166 -0.131242960691 -0.259843915701 0.000621855258942 0.212076574564 0.116265580058 0.785853326321 1.88796365261 1.83440458775 2.60474944115 1.44750416279 1.6372525692 0.601840674877 0.0 0.0 0.0 0.0 2.99999952316 0.0 0.0 0.0 0.0 0.0 0.0 0.0 0.0 0.0 0.0 -0.367171347141 0.0 -0.232326224446 -0.864761948586 -0.353874087334 0.186734527349 0.335646033287 0.362654864788 0.187407240272 0.302020817995 0.0 2.13137578964 0.0 0.0 2.97652482986 0.0 0.0 0.0 0.0 4.9999961853 0.0
0.0 0.0 0.0 0.0 0.0 0.0 -0.531653702259 0.0 0.0 -0.322727441788 -1.3360581398 -0.186226218939 -0.156961485744 -0.233276903629 -0.000624465115834 0.246251225471 0.260028362274 1.43361783028 0.844292640686 2.1106069088 1.70951664448 2.83591532707 0.0 0.611711859703 0.0 0.0 0.0 0.0 1.99999964237 0.0 0.0 0.0 0.0 0.0 0.0 0.0 0.0 0.0 0.0 0.0 -0.836422801018 -1.1530367136 -1.16840457916 -0.74327892065 0.0275731589645 0.109374403954 0.228040829301 0.356077373028 0.0 0.335562169552 1.25320672989 0.455739408731 0.0 1.77685213089 0.0 0.0 0.0 0.0 0.0 0.0
0.0 0.0 0.0 0.0 0.0 0.0 -0.531653702259 0.0 0.0 -0.322727441788 -1.10664904118 0.0 -0.288204431534 -0.304545968771 -0.000624465115834 0.265752643347 0.105427883565 1.02769529819 1.63811564445 2.0977396965 1.7405115366 2.8711938858 0.0 0.611711859703 0.0 0.0 0.0 0.0 1.99999964237 0.0 0.0 0.0 0.0 0.0 0.0 0.0 0.0 0.0 0.0 -0.367171347141 -0.836422801018 -0.945713043213 -1.20759022236 -0.55761307478 0.0200191289186 0.168791025877 0.332406997681 0.18138858676 0.267408639193 0.335562169552 0.865814268589 0.0 0.0 1.78818058968 0.0 0.0 0.0 0.0 2.99999785423 0.0
0.0 0.0 0.0 0.0 0.0 0.0 -0.531653702259 0.0 0.0 0.0 -1.07675766945 -0.186226218939 0.0 -0.233276903629 -0.000624465115834 0.246251225471 0.260028362274 1.6700117588 1.12645792961 2.82462906837 1.70951664448 2.36389303207 0.0 0.611711859703 0.0 0.0 0.0 0.0 1.99999964237 0.0 0.0 0.0 0.0 0.0 0.0 0.0 0.0 0.0 0.0 0.0 -0.836422801018 -1.13154435158 -1.4381840229 -0.691701591015 0.00955259241164 0.097854539752 0.228040829301 0.356077373028 0.0 0.335562169552 1.25320672989 0.455739408731 0.0 1.77685213089 0.0 0.0 0.0 0.0 0.0 0.0
0.0 0.0 0.0 0.0 0.0 0.0 -0.531653702259 0.0 0.0 -0.322727441788 -1.3360581398 -0.186226218939 -0.156961485744 -0.233276903629 -0.000624465115834 0.246251225471 0.260028362274 1.43361783028 0.844292640686 2.1106069088 1.70951664448 2.81976819038 0.0 0.611711859703 0.0 0.0 0.0 0.0 1.99999964237 0.0 0.0 0.0 0.0 0.0 0.0 0.0 0.0 0.0 0.0 0.0 -0.836422801018 -1.1530367136 -1.16840457916 -0.74327892065 0.00955259241164 0.159440979362 0.228040829301 0.356077373028 0.0 0.335562169552 1.25320672989 0.455739408731 0.0 1.77685213089 0.0 0.0 0.0 0.0 0.0 0.0
0.0 0.0 0.0 0.0 0.0 0.0 -0.531653702259 0.0 0.0 -0.322727441788 -1.3360581398 -0.186226218939 -0.156961485744 -0.233276903629 -0.000624465115834 0.246251225471 0.260028362274 1.43361783028 0.844292640686 2.47874450684 1.70951664448 2.36389303207 0.0 0.611711859703 0.0 0.0 0.0 0.0 1.99999964237 0.0 0.0 0.0 0.0 0.0 0.0 0.0 0.0 0.0 0.0 0.0 -0.836422801018 -1.1530367136 -1.31424462795 -0.74327892065 0.00955259241164 0.109374403954 0.228040829301 0.356077373028 0.0 0.335562169552 1.25320672989 0.455739408731 0.0 1.77685213089 0.0 0.0 0.0 0.0 0.0 0.0
0.0 0.0 0.0 0.0 0.0 0.0 -0.531653702259 -0.50165361166 0.0 0.0 -1.67234814167 0.0 -0.144357770681 -0.233276903629 -0.0342469736934 0.188813984394 0.348406255245 1.43757843971 0.5504758358 1.3825135231 2.01537036896 3.3088965416 0.0 0.611711859703 0.0 0.0 0.0 0.0 0.999999821186 0.0 0.0 0.0 0.0 0.0 0.0 0.0 0.0 0.0 -0.387841463089 0.0 -1.12291812897 -0.750585854053 -0.684207320213 -0.68607199192 0.0122222676873 0.480497330427 0.38988211751 0.18138858676 0.0 0.335562169552 0.432907134295 0.911478817463 0.0 1.17701566219 0.0 0.0 0.0 0.0 0.0 0.0
0.0 0.0 0.0 0.0 0.0 0.0 -0.531653702259 0.0 0.0 -0.322727441788 -1.3360581398 -0.186226218939 -0.156961485744 -0.233276903629 -0.000624465115834 0.246251225471 0.260028362274 1.43361783028 0.844292640686 2.47874450684 1.70951664448 2.36389303207 0.0 0.611711859703 0.0 0.0 0.0 0.0 1.99999964237 0.0 0.0 0.0 0.0 0.0 0.0 0.0 0.0 0.0 0.0 0.0 -0.836422801018 -1.1530367136 -1.31424462795 -0.74327892065 0.00955259241164 0.109374403954 0.228040829301 0.356077373028 0.0 0.335562169552 1.25320672989 0.455739408731 0.0 1.77685213089 0.0 0.0 0.0 0.0 0.0 0.0
0.0 0.0 0.0 0.0 0.0 0.0 0.0 0.0 0.0 -0.322727441788 -0.259300470352 -0.186226218939 -0.682773947716 -0.127393901348 0.0136129483581 0.131758600473 0.639837801456 1.42942261696 2.19409584999 3.2073841095 0.869553089142 1.88307547569 0.0 0.0 0.0 0.0 0.0 0.0 1.99999964237 0.0 0.0 0.0 0.0 0.0 0.0 0.0 0.0 0.0 0.0 0.0 -0.269188553095 -0.368762016296 -1.45072984695 -0.867490053177 -0.00518507882953 0.318615466356 0.313098490238 0.200526058674 0.260476380587 0.0 1.25320672989 0.0 0.0 2.38801693916 0.0 0.0 0.0 0.0 0.0 0.0
0.0 0.0 0.0 0.0 0.0 0.0 0.0 -1.41591346264 0.0 0.0 -0.51538258791 -0.214084401727 -0.279679536819 -0.146936655045 -0.00366446748376 0.223695993423 1.34834992886 0.417382717133 0.827670514584 0.378240257502 1.57290554047 1.87769556046 0.563677251339 0.625246524811 0.71937417984 0.0 0.854847550392 0.0 0.0 0.0 0.0 0.0 0.0 0.0 0.0 0.0 0.0 0.0 0.0 0.0 -0.572990715504 -1.37833964825 -1.4545135498 -0.529529929161 -0.0661424919963 0.841271996498 0.947320103645 0.42019751668 0.267408639193 0.36397472024 0.0 0.0 0.0 0.0 0.0 0.0 0.0 0.0 0.0 0.0
0.0 0.0 0.0 0.0 0.0 0.0 0.0 -0.962279736996 0.0 -0.378670334816 0.0 0.0 -0.145985513926 -0.53273075819 0.0951939746737 0.346008658409 0.798817098141 0.616433262825 0.575628697872 1.03039884567 1.16121792793 0.913307309151 0.584377527237 3.13883256912 2.13621854782 0.0 0.0 0.0 0.0 0.0 0.0 0.0 0.0 0.0 0.0 0.0 0.0 0.0 0.0 -0.673027276993 -0.244148850441 -1.2120193243 -0.614372372627 -0.810718357563 0.0709895193577 0.278878629208 0.507967710495 0.761242926121 0.0 1.04405450821 0.0 0.472067803144 0.0 0.588507831097 0.0 0.0 0.0 0.0 0.0 0.0
0.0 0.0 0.0 0.0 0.0 0.0 0.0 -1.41591346264 0.0 0.0 -0.51538258791 -0.214084401727 -0.279679536819 -0.0756676122546 -0.0354412049055 0.223695993423 1.34834992886 0.417382717133 0.827670514584 0.378240257502 1.57290554047 1.40559124947 1.66267251968 0.625246524811 0.71937417984 0.0 0.854847550392 0.0 0.0 0.0 0.0 0.0 0.0 0.0 0.0 0.0 0.0 0.0 0.0 0.0 -0.572990715504 -1.37833964825 -1.4545135498 -0.529529929161 -0.000348284840584 0.841271996498 1.22127890587 0.42019751668 0.0 0.36397472024 0.0 0.0 0.0 0.0 0.0 0.0 0.0 0.0 0.0 0.0
0.0 0.0 0.0 0.0 0.0 0.0 0.0 -2.35985565186 0.0 0.0 0.0 -0.18186172843 -0.411105573177 -0.177025109529 0.0237724706531 0.19471283257 0.793951153755 0.400686383247 2.27342867851 1.04573059082 1.59905076027 1.50940561295 0.0 0.0 0.71937417984 0.0 0.854847550392 0.0 0.0 0.0 0.0 0.0 0.0 0.0 0.0 0.0 0.0 0.0 0.0 0.0 0.0 -0.88638818264 -2.3165204525 -1.0366076231 -0.0065431650728 0.3199467659 0.978845179081 0.209675341845 0.0 0.0 0.0 0.0 0.0 0.0 0.0 0.0 0.0 0.0 0.0 0.0
0.0 0.0 0.0 0.0 0.0 0.0 0.0 0.0 -0.421666324139 0.0 -0.295856416225 -0.201004251838 -0.542738676071 -0.269374847412 0.0 0.225652307272 1.07123708725 0.616197824478 0.840299725533 2.41687846184 2.10845828056 1.44770026207 0.581085145473 1.87219810486 0.0 0.0 0.0 0.0 2.99999952316 0.0 0.0 0.0 0.0 0.0 0.0 0.0 0.0 0.0 0.0 0.0 0.0 0.0 -1.14101600647 -0.410510778427 0.0939207822084 0.148259922862 1.55763888359 0.417981475592 0.555621504784 0.0 1.29872143269 0.0 0.0 0.599836349487 0.0 0.0 0.0 0.0 0.0 0.0
0.0 0.0 0.0 0.0 0.0 0.0 0.0 0.0 -0.421666324139 0.0 -0.295856416225 -0.201004251838 -0.417354851961 -0.269374847412 0.0 0.225652307272 1.07123708725 0.616197824478 0.840299725533 2.41687846184 2.10845828056 1.44770026207 0.581085145473 1.87219810486 0.0 0.0 0.0 0.0 3.99999928474 0.0 0.0 0.0 0.0 0.0 0.0 0.0 0.0 0.0 0.0 0.0 0.0 -0.214167356491 -1.14101600647 -0.410510778427 0.0603157058358 0.148259922862 1.55763888359 0.417981475592 0.555621504784 0.0 1.73162853718 0.0 0.0 0.599836349487 0.0 0.0 0.0 0.0 0.0 0.0
0.0 0.0 0.0 0.0 0.0 0.0 0.0 -0.481139868498 0.0 0.0 -0.293965399265 -0.183032929897 -0.410634845495 -0.450898200274 0.0346270464361 0.471953749657 0.136153921485 0.39259570837 0.535198748112 2.78679156303 1.26265048981 2.31404471397 0.536693274975 3.77572488785 0.0 0.0 0.0 0.0 0.0 0.0 0.0 0.0 0.0 0.0 0.0 0.0 0.0 0.0 0.0 -0.336513638496 -0.241730481386 -0.79379761219 -0.655774235725 -0.701326429844 0.0312523394823 0.387637764215 0.490995109081 0.822182893753 0.817042529583 0.745860397816 0.0 1.88827121258 0.0 0.0 0.0 0.0 0.0 0.0 0.0 0.0
0.0 0.0 0.0 0.0 0.0 0.0 0.0 0.0 0.0 0.0 0.0 -0.359569549561 -0.25049674511 -0.16214466095 -0.0603274032474 0.61332911253 0.154129892588 1.83640694618 1.70942795277 1.71689224243 0.80399543047 1.93189322948 1.17122328281 0.631011903286 2.6394906044 0.0 0.0 0.0 0.0 0.0 0.0 0.0 0.0 0.0 0.0 0.0 0.0 0.0 0.0 0.0 0.0 0.0 -0.695875763893 -1.0448243618 -0.0288669019938 0.295977592468 0.394241452217 0.0 0.521210253239 0.372930198908 0.0 0.472067803144 0.0 0.0 0.0 0.0 0.0 0.0 0.0 0.0
0.0 0.0 0.0 0.0 0.0 0.0 0.0 0.0 -0.421666324139 0.0 0.0 -0.407978832722 -0.16569224 -0.346874475479 -0.00051623955369 0.313557237387 0.253213644028 2.14530682564 1.02972328663 0.0 3.7879087925 0.487709641457 1.75683498383 0.615929365158 1.43874835968 0.0 0.0 0.0 1.99999964237 0.0 0.0 0.0 0.0 0.0 0.0 0.0 0.0 0.0 0.0 0.0 -0.246491745114 -1.23983645439 -0.314327031374 -0.0676570311189 0.0912011414766 0.672043323517 1.16132807732 0.0 1.69134187698 0.335562169552 0.865814268589 0.0 0.0 0.0 0.0 0.0 0.0 0.0 4.9999961853 0.0
0.0 0.0 0.0 0.0 0.0 0.0 0.0 -0.953451931477 0.0 -0.342544436455 -0.293812960386 -0.185821264982 -0.157630100846 -0.198890417814 0.031186234206 0.164397656918 0.572260975838 1.25059330463 1.3740260601 0.347088575363 2.98636078835 0.992017805576 1.66279482841 1.85880541801 0.71937417984 0.0 0.0 0.0 1.99999964237 0.0 0.0 0.0 0.0 0.0 0.0 0.0 0.0 0.0 0.0 0.0 -0.866836428642 -1.65897059441 -1.79517233372 -0.399017065763 0.0278532579541 0.240225091577 0.800568044186 0.0 0.267408639193 0.372930198908 0.865814268589 0.472067803144 0.0 0.599836349487 0.0 0.0 0.0 0.0 3.99999713898 0.0
0.0 0.0 0.0 0.0 0.0 0.0 -0.521825790405 0.0 -0.404510289431 0.0 0.0 -0.19085355103 -0.297887444496 -0.285307347775 -0.034922875464 0.379086315632 0.879034876823 0.410292863846 1.38060855865 1.37268781662 3.84521770477 0.505225896835 0.585799753666 0.601840674877 0.0 0.0 0.0 0.0 3.99999928474 0.0 0.0 0.0 0.0 0.0 0.0 0.0 0.0 0.0 0.0 0.0 -0.547537386417 -0.204903408885 -0.435261040926 -0.599749207497 0.0683743730187 0.207568138838 0.479898035526 0.4235855937 0.265406697989 0.0 2.11423039436 0.0 0.0 0.599836349487 0.0 0.0 0.0 0.0 5.99999523163 0.0
0.0 0.0 0.0 0.0 0.0 0.0 0.0 0.0 0.0 0.0 -0.304744660854 -0.214084401727 -0.291706562042 -0.232563823462 -0.0181530974805 0.0688970088959 0.848685085773 0.193242371082 1.41432821751 2.67154073715 2.56213068962 1.87715315819 0.551426172256 1.81606352329 0.716553807259 0.0 0.0 0.0 2.99999952316 0.0 0.0 0.0 0.0 0.0 0.0 0.0 0.0 0.0 0.0 0.0 -0.302767038345 -0.873559117317 -1.02805793285 -0.435003787279 0.0593592077494 0.502501726151 0.292641997337 0.62889200449 0.555621504784 0.0 1.29872143269 0.0 0.0 0.0 0.0 0.0 0.0 0.0 3.99999713898 0.0
0.0 0.0 0.0 0.0 0.0 0.0 0.0 0.0 0.0 0.0 0.0 0.0 0.0 -0.172408401966 0.0338310748339 0.354461699724 0.160015940666 0.376196026802 1.8714145422 0.345884561539 3.77967309952 6.19270467758 2.25612473488 0.0 0.0 0.0 0.0 0.0 1.99999964237 0.0 0.0 0.0 0.0 0.0 0.0 0.0 0.0 0.0 0.0 0.0 0.0 -0.47012758255 -0.683862566948 -1.0247951746 0.0205301567912 0.269510418177 1.23205077648 0.0 0.0 0.0 0.865814268589 0.0 0.0 0.0 0.0 0.0 0.0 0.0 0.999999284744 0.0
0.0 0.0 0.0 0.0 0.0 0.0 0.0 -0.478853732347 -0.391508042812 -0.310390025377 -0.852666854858 -0.200667366385 -0.287436664104 -0.241881042719 -0.0341920852661 0.274438470602 0.730925917625 0.45095282793 0.843175768852 2.44455909729 2.13814020157 0.994302749634 0.0 0.0 0.0 0.0 0.0 0.0 3.99999928474 0.0 0.0 0.0 0.0 0.0 0.0 0.0 0.0 0.0 0.0 -0.367171347141 -0.281304329634 -0.560537576675 -1.72190904617 -0.42330300808 0.0551508776844 0.372059255838 0.613671243191 0.18138858676 0.0 0.0 1.73162853718 0.0 0.0 0.599836349487 0.0 0.0 0.0 0.0 2.99999785423 0.0
0.0 0.0 0.0 0.0 0.0 0.0 0.0 0.0 0.0 0.0 0.0 -0.418825000525 0.0 -0.27110350132 -0.0101541662589 0.192146986723 0.519199967384 0.801514625549 0.854100286961 1.64523220062 4.15864944458 1.42896282673 0.54949760437 1.88281297684 1.43425035477 0.785910129547 0.0 0.880759358406 0.999999821186 0.0 0.0 0.0 0.0 0.0 0.0 0.0 0.0 0.0 0.0 0.0 -0.254742652178 -1.22482514381 -1.20357036591 -0.651213467121 0.0138353984803 0.120942533016 0.592248737812 0.350863099098 0.851041853428 0.320479422808 0.432907134295 0.0 0.0 0.0 0.0 0.0 0.0 0.0 2.99999785423 0.0
0.0 0.0 0.0 0.0 0.0 0.0 0.0 0.0 0.0 0.0 -0.308007836342 -0.18251940608 -0.734048604965 -0.102514408529 -0.0318586826324 0.102090388536 0.579039752483 0.821228981018 0.298801004887 2.31595015526 2.13738512993 1.44789290428 0.0 0.636627554893 0.712072849274 0.0 0.0 0.0 4.99999904633 0.0 0.0 0.0 0.0 0.0 0.0 0.0 0.0 0.0 0.0 0.0 0.0 -0.611798524857 -0.893893778324 -0.658460140228 -0.0832584574819 0.167572796345 0.846161544323 0.560052812099 0.0 0.0 2.16453576088 0.0 0.0 0.0 0.0 0.0 0.0 0.0 3.99999713898 0.0
0.0 0.0 0.0 0.0 0.0 0.0 0.0 0.0 0.0 -0.374528080225 -0.284026741982 0.0 -0.541632831097 -0.438332498074 -0.0201867222786 0.275068372488 0.304030656815 0.832842707634 2.15730285645 0.693615496159 2.08115553856 0.925222277641 1.68831706047 2.49657773972 0.0 0.0 0.0 0.0 0.0 0.0 0.0 0.0 0.0 0.0 0.0 0.0 0.0 0.0 0.0 0.0 -0.304617464542 -1.01526927948 -0.82299387455 -0.556893646717 -0.0711675286293 0.174492299557 1.33048379421 0.416981220245 1.08643901348 1.03263092041 0.0 0.472067803144 0.0 0.0 0.0 0.0 0.0 0.0 0.0 0.0
0.0 0.0 0.0 0.0 0.0 0.0 0.0 0.0 0.0 -1.01661252975 0.0 0.0 0.0 -0.0499314442277 0.0129638165236 0.0802508220077 0.127460673451 2.56781744957 1.36866772175 3.72603869438 0.865814268589 3.88856458664 0.54949760437 0.0 0.0 0.0 0.0 0.0 0.999999821186 0.0 0.0 0.0 0.0 0.0 0.0 0.0 0.0 0.0 0.0 0.0 -0.243355646729 -0.918781518936 -0.250060379505 -0.731863021851 0.00343608576804 0.465982943773 1.00022995472 0.0 0.0 0.335562169552 0.432907134295 0.0 0.0 3.54237556458 0.0 0.0 0.0 0.0 1.99999856949 0.0
0.0 0.0 0.0 0.0 0.0 0.0 0.0 0.0 0.0 0.0 -0.50061070919 -0.175727725029 -0.149551361799 -0.365202814341 -0.0971849560738 0.176216319203 0.559188246727 1.99369132519 0.785065412521 0.662315130234 0.862227678299 1.46074509621 2.75653266907 1.22616434097 1.37194550037 0.0 0.0 0.0 0.0 0.0 0.0 0.0 0.0 0.0 0.0 0.0 0.0 0.0 0.0 -0.327540874481 -0.580644905567 -1.25325977802 -1.05321240425 -0.363908559084 -0.117607854307 0.137695327401 0.756007134914 0.352031767368 0.830200493336 0.335562169552 0.0 0.0 0.0 0.588507831097 0.0 0.0 0.0 0.0 0.999999284744 0.0
0.0 0.0 0.0 0.0 0.0 0.0 0.0 0.0 0.0 0.0 -0.561939358711 -0.443921327591 -0.824285209179 -0.14111058414 -0.0542604103684 0.444817662239 0.136153921485 0.557560324669 3.90686130524 1.35149717331 0.0 0.484598010778 0.0 1.9050014019 0.0 0.0 0.0 0.0 0.0 0.0 0.0 0.0 0.0 0.0 0.0 0.0 0.0 0.0 0.0 -0.323929160833 -0.245546728373 -0.428985863924 -1.28610730171 -0.521508097649 -0.0281351208687 0.797961890697 0.278431534767 0.385569065809 0.25864431262 0.747848987579 0.0 0.944135606289 0.0 0.0 0.0 0.0 0.0 0.0 0.0 0.0
0.0 0.0 0.0 0.0 0.0 0.0 0.0 -0.471971154213 0.0 0.0 -0.284026741982 -1.10832178593 -0.28879982233 -0.384722709656 0.0400776304305 0.203617453575 0.133717685938 1.22908496857 1.38905513287 2.36353397369 0.4010604918 0.925424814224 0.577036559582 0.652071416378 0.0 0.0 0.0 0.0 0.0 0.0 0.0 0.0 0.0 0.0 0.0 0.0 0.0 0.0 0.0 0.0 -0.304617464542 -0.814134418964 -0.979700505733 -1.00705301762 0.102066427469 0.441716253757 0.485628277063 0.397467821836 0.0 0.0 0.0 0.0 0.0 0.0 0.0 0.0 0.0 0.0 0.0 0.0
0.0 0.0 0.0 0.0 0.0 0.0 0.0 -0.471971154213 0.0 -0.684227705002 -0.490152090788 0.0 -1.13035559654 -0.306558638811 0.0483936220407 0.287053585052 0.133717685938 0.233995109797 1.31740748882 3.72889757156 0.441668838263 0.477693319321 0.0 0.0 0.0 0.0 0.0 0.0 0.0 0.0 0.0 0.0 0.0 0.0 0.0 0.0 0.0 0.0 0.0 0.0 -0.303101450205 -1.20917320251 -1.69683778286 -0.776827156544 0.0282170772552 0.128436148167 0.503544509411 0.0 1.23496580124 0.0 0.0 0.0 0.0 0.0 0.0 0.0 0.0 0.0 0.0 0.0
0.0 0.0 0.0 0.0 0.0 0.0 0.0 0.0 0.0 0.0 -0.266061067581 0.0 -1.3889541626 -0.65525996685 0.0202915929258 0.592710077763 0.318331629038 0.438354641199 0.568368852139 0.371968269348 0.0 0.0 0.0 0.0 0.0 0.0 0.0 0.0 0.0 0.0 0.0 0.0 0.0 0.0 0.0 0.0 0.0 0.0 0.0 0.0 -0.551388263702 -0.198308467865 -0.117772974074 -0.0858439654112 0.00682973954827 0.311634868383 0.236390382051 0.853504657745 1.03484523296 1.02879881859 1.253292799 5.82590913773 2.73588347435 3.04831409454 0.0 0.0 0.0 0.0 1.99999988079 0.0 0.0 0.0 0.0 0.0 0.0 0.0 0.0 0.0 0.0 0.0 0.0 -1.78789973259 -1.24686920643 -0.992985665798 0.0109965261072 0.529324948788 0.134501114488 0.175703749061 0.0 0.0 0.0 0.0 0.0 0.0 0.0 0.0 0.0 0.0 0.0 0.0 0.0 0.0 0.0 0.0 0.0 0.0 0.0 0.0 0.0 0.0 -0.265939593315 0.0 -0.253058165312 -0.240270733833 -0.00863680802286 0.0595434680581 0.128955572844 0.684018075466 1.43309187889 2.71839213371 1.71465325356 2.86320376396 3.3207025528 0.606388092041 1.31541240215 0.739174902439 0.0 0.0 0.0 2.00000119209
0.0 0.0 0.0 0.0 0.0 0.0 0.0 0.0 0.0 0.0 -0.290057510138 -0.597742199898 -1.28645300865 -0.994811058044 -0.0107731949538 0.411520540714 0.386851876974 0.0 0.0 0.0 0.0 0.0 0.0 0.0 0.0 0.0 0.0 0.0 0.0 0.0 0.0 0.0 0.0 0.0 0.0 0.0 0.0 0.0 0.0 0.0 0.0 -0.803175747395 0.0 -0.139906540513 -0.00307747442275 0.529443144798 0.920717835426 0.561352372169 1.07186245918 1.35803472996 3.24987864494 2.39014673233 1.62369143963 1.17976868153 0.0 0.0 0.0 0.0 0.0 0.0 0.0 0.0 0.0 0.0 0.0 0.0 0.0 0.0 0.0 0.0 0.0 0.0 -1.14706301689 -0.575997471809 -0.281239718199 0.728131532669 0.327451825142 0.414672613144 0.274193644524 0.0 0.0 0.0 0.0 0.0 0.0 0.0 0.0 0.0 1.99999976158 0.0 0.0 0.0 0.0 0.0 0.0 0.0 0.0 0.0 0.0 0.0 0.0 -0.953808546066 0.0 -0.27635717392 0.0218286942691 0.141097709537 0.46311545372 0.477388441563 0.757297992706 2.11259913445 2.91042470932 0.496570408344 4.79952716827 0.639599442482 0.0 0.0 0.0 0.0 0.0 1.00000059605
0.0 0.0 0.0 0.0 0.0 0.0 0.0 0.0 0.0 0.0 -0.266061067581 0.0 -1.3889541626 -0.65525996685 0.0202915929258 0.592710077763 0.318331629038 0.438354641199 0.568368852139 0.371968269348 0.0 0.0 0.0 0.0 0.0 0.0 0.0 0.0 0.0 0.0 0.0 0.0 0.0 0.0 0.0 0.0 0.0 0.0 0.0 0.0 -0.551388263702 -0.198308467865 -0.117772974074 -0.0858439654112 0.00682973954827 0.311634868383 0.236390382051 0.853504657745 1.03484523296 1.02879881859 1.253292799 5.82590913773 2.73588347435 3.04831409454 0.0 0.0 0.0 0.0 1.99999988079 0.0 0.0 0.0 0.0 0.0 0.0 0.0 0.0 0.0 0.0 0.0 0.0 -1.78789973259 -1.24686920643 -0.992985665798 0.0109965261072 0.529324948788 0.134501114488 0.175703749061 0.0 0.0 0.0 0.0 0.0 0.0 0.0 0.0 0.0 0.0 0.0 0.0 0.0 0.0 0.0 0.0 0.0 0.0 0.0 0.0 0.0 0.0 -0.265939593315 0.0 -0.253058165312 -0.240270733833 -0.00863680802286 0.0595434680581 0.128955572844 0.684018075466 1.43309187889 2.71839213371 1.71465325356 2.86320376396 3.3207025528 0.606388092041 1.31541240215 0.739174902439 0.0 0.0 0.0 2.00000119209
0.0 0.0 0.0 0.0 0.0 0.0 0.0 0.0 0.0 0.0 -0.266061067581 -0.575134694576 -0.378778874874 -0.921677827835 -0.00930650532246 0.477557063103 0.269061684608 0.0 0.301813781261 0.371968269348 0.0 0.0 0.0 0.0 0.0 0.0 0.0 0.0 0.999999880791 0.0 0.0 0.0 0.0 0.0 0.0 0.0 0.0 0.0 0.0 0.0 0.0 -0.583057045937 0.0 -0.468500673771 0.0152246979997 0.155609130859 0.600953638554 1.4965890646 0.816784620285 2.09794616699 1.6578553915 2.43001794815 0.533038020134 0.0 0.705858588219 0.0 0.0 0.0 1.99999988079 0.0 0.0 0.0 0.0 0.0 0.0 0.0 0.0 0.0 -0.42821547389 -0.36496296525 0.0 -0.845970869064 -0.241434365511 -0.633872032166 -0.0779381915927 0.683976054192 0.488770008087 1.22519946098 0.274193644524 0.0 0.0 0.0 0.0 0.0 0.0 0.0 0.0 0.0 0.999999880791 0.0 0.0 0.0 0.0 0.0 0.0 0.0 0.0 0.0 0.0 0.0 0.0 -0.198802962899 -0.14318986237 -0.598626732826 0.100459501147 0.29370111227 0.526157021523 0.371018409729 1.43168854713 0.359749644995 0.83215624094 2.44890117645 4.34797811508 0.0 0.0 1.53012144566 0.0 0.0 0.0 0.0
0.0 0.0 0.0 0.0 0.0 0.0 0.0 0.0 0.0 0.0 -0.732799291611 -0.354584634304 -0.781444430351 -0.461721420288 0.00924191530794 0.495634764433 2.40016078949 0.196233168244 0.0 0.0 0.0 0.0 0.0 0.0 0.0 0.0 0.0 0.0 0.0 0.0 0.0 0.0 0.0 0.0 0.0 0.0 0.0 0.0 -0.395397543907 -0.347262054682 0.0 -0.434848189354 0.0 -0.918361604214 0.0999209061265 0.0 0.225207954645 0.841916382313 0.266113817692 1.0359017849 2.80549287796 4.40278291702 0.536311626434 0.624291837215 0.673963189125 0.0 0.0 0.0 0.0 0.0 0.0 0.0 0.0 0.0 0.0 0.0 0.0 0.0 0.0 0.0 -0.293463736773 -0.643328785896 -1.6984140873 -0.392831236124 -0.108295045793 0.685104846954 0.408008038998 0.0 0.242678523064 0.0 0.0 0.0 0.0 0.0 0.0 0.0 0.0 0.0 0.999999880791 0.0 0.0 0.0 0.0 0.0 0.0 0.0 0.0 0.0 0.0 0.0 -0.568133831024 -0.236450657248 -0.409912407398 -0.502668857574 0.0111636258662 0.0988276898861 0.0 0.443428099155 0.26956692338 1.01204359531 1.25970125198 3.2176361084 3.33073115349 1.21146059036 0.0 0.0 0.0 0.0 0.0 4.00000238419
0.0 0.0 0.0 0.0 0.0 0.0 0.0 0.0 0.0 0.0 -0.732799291611 -0.354584634304 -0.781444430351 -0.461721420288 0.00924191530794 0.495634764433 2.40016078949 0.196233168244 0.0 0.0 0.0 0.0 0.0 0.0 0.0 0.0 0.0 0.0 0.0 0.0 0.0 0.0 0.0 0.0 0.0 0.0 0.0 0.0 -0.395397543907 -0.347262054682 0.0 -0.434848189354 0.0 -0.918361604214 0.0999209061265 0.0 0.225207954645 0.841916382313 0.266113817692 1.0359017849 2.80549287796 4.40278291702 0.536311626434 0.624291837215 0.673963189125 0.0 0.0 0.0 0.0 0.0 0.0 0.0 0.0 0.0 0.0 0.0 0.0 0.0 0.0 0.0 -0.293463736773 -0.643328785896 -1.6984140873 -0.392831236124 -0.108295045793 0.685104846954 0.408008038998 0.0 0.242678523064 0.0 0.0 0.0 0.0 0.0 0.0 0.0 0.0 0.0 0.999999880791 0.0 0.0 0.0 0.0 0.0 0.0 0.0 0.0 0.0 0.0 0.0 -0.568133831024 -0.236450657248 -0.409912407398 -0.502668857574 0.0111636258662 0.0988276898861 0.0 0.443428099155 0.26956692338 1.01204359531 1.25970125198 3.2176361084 3.33073115349 1.21146059036 0.0 0.0 0.0 0.0 0.0 4.00000238419
0.0 0.0 0.0 0.0 0.0 0.0 0.0 0.0 0.0 0.0 -0.532122135162 0.0 -0.563457250595 -0.452328652143 -0.12818659842 0.850262820721 0.934672415257 0.0 0.253915578127 0.0 0.0 0.0 0.0 0.0 0.0 0.0 0.0 0.0 0.0 0.0 0.0 0.0 0.0 0.0 0.0 0.0 0.0 0.0 0.0 0.0 0.0 -1.01529240608 -0.48597201705 -0.317156910896 0.0427542440593 0.165711849928 0.303542375565 0.797810196877 1.35784685612 2.38823127747 0.810238778591 2.40584731102 1.57487499714 0.0 0.0 0.0 0.0 0.0 2.99999976158 0.0 0.0 0.0 0.0 0.0 0.0 0.0 0.0 0.0 0.0 0.0 0.0 -2.39609885216 -0.697148442268 -0.476493179798 -0.0229619294405 0.677602231503 0.253519207239 0.377757519484 0.242862746119 0.0 0.0 0.0 0.0 0.0 0.0 0.0 0.0 0.0 0.0 0.0 0.0 0.0 0.0 0.0 0.0 0.0 0.0 0.0 0.0 0.0 -0.274074614048 -0.763080000877 -0.151603192091 -0.424984931946 0.00194659084082 0.193300426006 0.804703950882 0.0 1.360866189 0.332925587893 0.857593178749 3.86232066154 2.14937877655 0.0 0.0 0.0 0.804701268673 0.0 0.0 3.00000190735
0.0 0.0 0.0 0.0 0.0 0.0 0.0 0.0 0.0 0.0 0.0 0.0 -1.22630786896 -0.371659427881 0.156326547265 0.855165541172 0.349012464285 0.173870801926 0.0 0.0 0.0 0.0 0.0 0.0 0.0 0.0 0.0 0.0 0.0 0.0 0.0 0.0 0.0 0.0 0.0 0.0 0.0 0.0 0.0 -0.342482358217 -0.305147260427 -0.419581383467 -0.258331984282 -0.0394967086613 -0.247868567705 0.0 0.0 0.234794810414 0.830902457237 1.41432642937 2.84098863602 2.42822313309 0.0 1.26564204693 6.06566810608 0.0 0.0 0.0 0.0 0.0 0.0 0.0 0.0 0.0 0.0 0.0 0.0 0.0 0.0 -0.32366836071 -0.261356979609 -0.174500674009 -0.660595655441 -1.36972403526 -0.360458403826 0.143294453621 0.257583320141 0.349403142929 0.0 0.0 0.0 0.0 0.0 0.0 0.0 0.0 0.0 0.0 0.999999880791 0.0 0.0 0.0 0.0 0.0 0.0 0.0 0.0 0.0 -0.412789046764 0.0 -0.266048014164 -0.182774960995 -0.130503177643 -0.575566232204 0.0161676537246 0.0889688283205 0.117645606399 0.0 0.0 4.05859851837 2.97195386887 0.467769891024 1.03972184658 0.631475150585 0.0 3.7480070591 0.0 0.0 0.0 2.00000119209
0.0 0.0 0.0 0.0 0.0 0.0 0.0 0.0 0.0 0.0 0.0 -0.41165214777 -0.156277194619 -0.904055833817 0.0337297022343 0.403914600611 1.03837299347 0.733623385429 0.277072459459 0.0 0.0 0.0 0.0 0.0 0.0 0.0 0.0 0.0 0.0 0.0 0.0 0.0 0.0 0.0 0.0 0.0 0.0 0.0 0.0 0.0 -1.05863809586 -0.198308467865 -0.109511420131 -0.448664188385 0.0095878848806 0.0444338545203 0.631135106087 1.31723594666 0.793208360672 0.973691761494 2.41947698593 4.76764583588 0.0 0.0 0.0 0.0 0.0 0.0 0.0 0.0 0.0 0.0 0.0 0.0 0.0 0.0 0.0 0.0 0.0 -0.358514338732 0.0 -0.596355319023 -0.488239556551 -0.717150807381 0.145195648074 0.722338676453 0.881186902523 0.364316284657 0.0 0.0 0.0 0.0 0.0 0.0 0.0 0.0 0.0 0.0 0.0 0.0 0.0 0.0 0.0 0.0 0.0 0.0 0.0 0.0 0.0 0.0 -0.278691500425 -0.20783393085 -0.788507461548 -0.23821182549 -0.0175384804606 0.0783820524812 0.695129215717 0.67476028204 0.790886998177 2.11935091019 0.402100771666 1.89809775352 2.22247695923 1.22575712204 1.38990950584 0.736103713512 0.0 0.0 0.0 4.00000238419
0.0 0.0 0.0 0.0 0.0 0.0 0.0 0.0 0.0 0.0 -0.757519364357 -0.753898322582 -0.558409452438 -0.643668055534 0.13532102108 0.367740750313 1.01923716068 0.0 0.0 0.0 0.0 0.0 0.0 0.0 0.0 0.0 0.0 0.0 0.0 0.0 0.0 0.0 0.0 0.0 0.0 0.0 0.0 0.0 0.0 0.0 0.0 -0.399019569159 -0.237600266933 -0.258638560772 -0.0149484556168 0.232477456331 0.739829480648 0.403779387474 0.822454094887 1.74662148952 1.27440190315 6.79115009308 0.575378417969 0.0 0.0 0.0 0.0 0.0 0.0 0.0 0.0 0.0 0.0 0.0 0.0 0.0 0.0 0.0 0.0 0.0 0.0 -1.07714295387 -0.892837464809 -0.785573840141 0.102023787796 0.511650204659 0.979159891605 0.0 0.265042990446 0.0 0.0 0.0 0.0 0.0 0.0 0.0 0.0 0.0 1.99999976158 0.0 0.0 0.0 0.0 0.0 0.0 0.0 0.0 0.0 0.0 0.0 0.0 -0.20783393085 -0.259881407022 -0.346661150455 0.063653409481 0.305519640446 0.539663314819 0.23559358716 0.806015729904 1.60285329819 1.26268649101 0.486676335335 0.569011628628 4.89876699448 0.0 1.53012144566 0.0 0.0 0.0 6.00000333786
0.0 0.0 0.0 0.0 0.0 0.0 0.0 0.0 0.0 0.0 -0.244109883904 -0.524102330208 0.0 -1.38071680069 0.117155335844 0.343590885401 0.881385505199 0.0 0.0 0.0 0.0 0.0 0.0 0.0 0.0 0.0 0.0 0.0 0.0 0.0 0.0 0.0 0.0 0.0 0.0 0.0 0.0 0.0 0.0 0.0 -0.91544175148 -0.598529338837 -1.0405100584 -0.362866401672 0.0 0.166336253285 0.226043790579 0.359797716141 0.536748766899 1.71519970894 2.02445101738 6.31642723083 0.0 0.0 0.0 0.0 0.0 0.0 0.0 0.0 0.0 0.0 0.0 0.0 0.0 0.0 0.0 0.0 -0.42821547389 0.0 0.0 -0.979835927486 -1.3306800127 -0.727567911148 0.0231974609196 0.186633527279 0.209448292851 0.527111232281 0.0 0.0 0.0 0.0 0.0 0.0 0.0 0.0 0.0 0.0 2.99999952316 0.0 0.0 0.0 0.0 0.0 0.0 0.0 0.0 0.0 0.0 0.0 -0.59684920311 0.0 -0.632309377193 -0.458248853683 0.0881220400333 0.419289946556 0.0 0.205305844545 1.14935564995 0.0 2.23288559914 0.0 2.65724158287 0.62010794878 0.0 0.0 0.0 0.0 0.0 7.0000038147
0.0 0.0 0.0 0.0 0.0 0.0 0.0 0.0 0.0 0.0 0.0 -0.363915354013 -0.610300660133 -0.0424897074699 0.0 0.397969871759 0.696549654007 0.64502632618 0.300478279591 0.637166976929 1.20319485664 4.35116672516 0.561595678329 1.17268323898 5.59729003906 0.0 0.0 0.0 2.99999666214 0.0 0.0 0.0 0.0 0.0 0.0 0.0 0.0 0.0 0.0 0.0 0.0 0.0 0.0 -0.670943319798 0.00516961980611 0.0912835970521 0.0 0.393617033958 0.0 0.658525943756 2.51249647141 0.931556820869 3.83637332916 1.25759780407 2.09898376465 1.53467392921 0.0 0.0 7.99999666214 0.0 0.0 0.0 0.0 0.0 0.0 0.0 0.0 0.0 0.0 0.0 0.0 -0.176252260804 -0.488315135241 -1.29885482788 0.0522594600916 0.581878483295 0.290065616369 0.833240628242 0.49271646142 0.0 0.0 0.0 0.0 0.0 0.0 0.0 0.0 0.0 0.0 0.0
0.0 0.0 0.0 0.0 0.0 0.0 0.0 0.0 0.0 0.0 0.0 -0.181957677007 -0.610300660133 -0.0424897074699 0.0209283325821 0.397969871759 0.696549654007 0.434477955103 0.824105739594 1.32855188847 1.20319485664 3.86562800407 1.12319135666 0.586341619492 4.89762878418 0.0 0.0 0.0 1.99999785423 0.0 0.0 0.0 0.0 0.0 0.0 0.0 0.0 0.0 0.0 0.0 0.0 0.0 -0.156752288342 -0.611279964447 0.00516961980611 0.0912835970521 0.0 0.20566406846 0.273772895336 1.66080880165 1.70143270493 1.4474902153 4.9339132309 0.628798902035 1.39932250977 0.767336964607 0.0 0.0 6.99999713898 0.0 0.0 0.0 0.0 0.0 0.0 0.0 0.0 0.0 -0.424048036337 0.0 0.0 -0.176252260804 -0.859945654869 -1.24508166313 0.00444219261408 0.508162736893 0.290065616369 0.833240628242 0.800883114338 0.0 0.0 0.474094063044 0.0 0.0 0.0 0.0 0.0 0.0 0.0 0.0
0.0 0.0 0.0 0.0 0.0 0.0 0.0 0.0 0.0 0.0 0.0 -0.594694137573 -0.610300660133 -0.0424897074699 0.0 0.397969871759 0.696549654007 0.64502632618 0.300478279591 0.637166976929 1.20319485664 4.35116672516 0.561595678329 1.17268323898 5.59729003906 0.0 0.0 0.0 1.99999785423 0.0 0.0 0.0 0.0 0.0 0.0 0.0 0.0 0.0 0.0 -0.316880583763 0.0 0.0 0.0 -0.670943319798 0.00516961980611 0.0912835970521 0.0 0.393617033958 0.0 0.658525943756 2.51249647141 0.931556820869 3.83637332916 1.25759780407 1.39932250977 1.53467392921 0.0 0.0 7.99999666214 0.0 0.0 0.0 0.0 0.0 0.0 0.0 0.0 0.0 0.0 0.0 0.0 -0.400963783264 -0.488315135241 -1.21975576878 0.0522594600916 0.581878483295 0.290065616369 0.833240628242 0.49271646142 0.0 0.0 0.0 0.0 0.0 0.0 0.0 0.0 0.0 0.0 0.0
0.0 0.0 0.0 0.0 0.0 0.0 0.0 0.0 0.0 0.0 0.0 -0.457424044609 -0.118895493448 -0.385576426983 0.0136462217197 0.173201709986 0.48516190052 0.196871429682 0.0 4.57239341736 0.430430561304 1.89508342743 0.0 0.0 4.1979675293 0.739767313004 0.0 0.0 2.99999666214 0.0 0.0 0.0 0.0 0.0 0.0 0.0 0.0 0.0 0.0 -0.375013113022 -0.30703496933 0.0 0.0 -0.385689139366 0.0790703594685 0.078757353127 0.429525017738 0.620538055897 0.291365295649 1.01702666283 0.832394599915 3.34642982483 1.09222698212 1.92597079277 2.79216718674 0.0 0.0 0.893264114857 5.99999761581 0.0 0.0 0.0 0.0 0.0 0.0 0.0 0.0 0.0 0.0 0.0 0.0 0.0 -0.460167646408 -0.568893611431 0.261544018984 0.502397179604 0.906552135944 0.379328608513 0.0 1.05092811584 0.418759226799 0.0 0.535851895809 0.0 0.0 0.0 0.0 0.0 0.0 1.00000071526
0.0 0.0 0.0 0.0 0.0 0.0 0.0 0.0 0.0 0.0 0.0 -0.362744927406 -0.163719713688 -0.138825163245 -0.00209136074409 0.209352582693 0.0 0.697346389294 0.794510185719 3.02882003784 4.00801372528 2.41172742844 0.0 1.79917526245 0.0 0.0 0.0 0.0 0.0 0.0 0.0 0.0 0.0 0.0 0.0 0.0 0.0 0.0 0.0 0.0 -0.295208543539 -0.213954091072 -0.550561547279 0.0 0.041592027992 0.113309472799 0.792840659618 0.232260152698 1.10858416557 1.48303198814 2.56579875946 2.43621873856 2.75584506989 4.96601486206 0.0 0.0 0.0 0.0 0.0 0.0 0.0 0.0 0.0 0.0 0.0 0.0 0.0 0.0 0.0 -0.693075060844 -0.507009983063 -0.56330370903 -0.704189181328 -0.533136606216 0.0418685339391 0.660834372044 0.308301985264 0.379006832838 0.246018111706 0.70461755991 0.0 0.0 0.0 0.0 0.0 0.0 0.0 0.0 0.0 0.0
0.0 0.0 0.0 0.0 0.0 0.0 0.0 0.0 0.0 0.0 -0.554219186306 -0.173757255077 -1.23369538784 0.0 -0.00113872252405 0.123231627047 0.427253335714 0.836306869984 1.14090263844 0.376327425241 0.415503442287 3.30569505692 0.0 2.40018486977 2.79864501953 0.76673579216 0.0 0.0 2.99999666214 0.0 0.0 0.0 0.0 0.0 0.0 0.0 0.0 0.0 0.0 -1.12978422642 0.0 0.0 -0.523074328899 -0.444955289364 0.00810286775231 0.0405813530087 0.887747168541 0.415370345116 0.0 0.71698486805 0.792489409447 1.00066351891 1.05177605152 5.04312515259 2.09898376465 1.51408576965 0.0 0.0 3.99999856949 0.0 0.0 0.0 0.0 0.0 0.0 0.0 0.0 0.0 0.0 0.0 0.0 -1.23641073704 -0.623959004879 -0.672703146935 -0.159485295415 0.439657509327 0.0 1.33489668369 0.246005862951 0.357438713312 0.0 0.0 0.0 0.0 0.0 0.0 0.0 0.0 0.0 0.0
0.0 0.0 0.0 0.0 0.0 0.0 0.0 0.0 0.0 -0.336888670921 0.0 -0.200968950987 -0.943969130516 -0.188642919064 0.0 0.260987848043 0.0 0.360706806183 0.542361199856 0.93680948019 0.889278650284 3.43109560013 1.6834936142 0.0 5.6055893898 0.744128227234 0.0 0.0 6.99999284744 0.0 0.0 0.0 0.0 0.0 0.0 0.0 0.0 0.0 0.0 -0.368419677019 0.0 -0.370403051376 0.0 -0.701847374439 0.0 0.0572552382946 0.730744123459 0.464520305395 0.0 0.357086628675 1.27510750294 2.01961803436 1.17240905762 1.19869875908 7.61036968231 0.0 0.0 0.0 6.99999713898 0.0 0.0 0.0 0.0 0.0 0.0 0.0 0.0 0.0 0.0 -0.676446437836 0.0 -0.177504792809 -1.43621909618 -1.35083031654 0.0184355601668 0.304892301559 0.460051000118 0.205526813865 0.0 0.0 0.381579995155 0.978218317032 0.0 0.0 0.0 0.0 0.0 0.0 0.0 0.0
0.0 0.0 0.0 0.0 0.0 0.0 0.0 0.0 0.0 0.0 0.0 -0.173757255077 -1.13996565342 0.0 -0.0736342519522 0.134622499347 0.260272324085 1.00204670429 0.880622088909 0.969457268715 1.30599713326 2.37916469574 0.51960593462 2.38794445992 3.49830627441 0.76673579216 0.0 0.0 1.99999785423 0.0 0.0 0.0 0.0 0.0 0.0 0.0 0.0 0.0 0.0 -1.12978422642 0.0 0.0 -0.135547995567 -0.554746806622 0.0318596623838 0.0 0.718721270561 0.777905344963 0.308967739344 1.09115552902 1.24894750118 1.48070776463 1.10593485832 3.1603140831 2.08673739433 2.28142261505 0.0 0.0 4.99999809265 0.0 0.0 0.0 0.0 0.0 0.0 0.0 0.0 0.0 0.0 0.0 0.0 -0.78022646904 -0.977816164494 -0.715308129787 -0.064621090889 0.733642101288 0.422834515572 1.16132879257 0.0 0.0 0.0 0.0 0.0 0.0 0.0 0.0 0.0 0.0 0.0 0.0
0.0 0.0 0.0 0.0 0.0 0.0 0.0 0.0 0.0 0.0 -1.10539197922 -0.405541211367 0.0 -0.24563023448 0.00729581527412 0.173756450415 0.994079172611 1.21177506447 0.851871788502 0.657927036285 2.45051574707 1.39933264256 0.558009147644 0.0 2.09898376465 0.0 0.0 0.0 1.99999785423 0.0 0.0 0.0 0.0 0.0 0.0 0.0 0.0 0.0 -0.823535084724 0.0 0.0 -0.232983246446 -0.345009356737 -0.215931385756 0.0385235995054 0.414995461702 0.401705205441 0.571507334709 0.54259955883 1.30418694019 1.26023519039 1.40875732899 1.10038650036 2.60745215416 1.39932250977 0.0 0.0 0.0 2.99999904633 0.0 0.0 0.0 0.0 0.0 0.0 0.0 0.0 0.0 0.0 -0.75111925602 -0.246578797698 -0.218775749207 -0.219886124134 -0.675358593464 0.0226764418185 0.474131286144 1.78727340698 0.678693652153 0.781729161739 0.342251837254 0.0 0.0 0.0 0.0 0.0 0.0 0.0 0.0 0.0 2.00000143051
0.0 0.0 0.0 0.0 0.0 0.0 0.0 0.0 0.0 0.0 0.0 -0.407665491104 -0.759654819965 -0.294923663139 -0.00368359312415 0.306353151798 0.665250897408 0.0 1.85009503365 0.31116271019 0.439048826694 2.36236143112 0.0 0.639282166958 4.1979675293 0.0 0.0 0.0 5.99999380112 0.0 0.0 0.0 0.0 0.0 0.0 0.0 0.0 0.0 0.0 0.0 -0.243864819407 -0.549918532372 -0.225291252136 -0.438401728868 0.018379189074 0.054546225816 0.257839411497 0.870652854443 0.0 0.661766409874 1.62268722057 1.53830909729 0.0 3.73322200775 4.1979675293 0.0 0.0 0.0 5.99999761581 0.0 0.0 0.0 0.0 0.0 0.0 0.0 0.0 0.0 0.0 -0.313210785389 0.0 -0.395916819572 -0.881022274494 -0.896304130554 -0.220548301935 0.573373734951 0.449112355709 0.205526813865 0.307648599148 0.358775138855 0.381579995155 0.0 0.0 0.0 0.0 0.0 0.0 0.0 0.0 0.0
0.0 0.0 0.0 0.0 0.0 0.0 0.0 0.0 0.0 0.0 0.0 -0.193445459008 -0.919630229473 -0.0370308794081 -0.0664714425802 0.0695666372776 0.295498251915 0.83753734827 1.13690459728 1.65905308723 2.48594808578 1.47079563141 0.51960593462 0.612723827362 2.79864501953 0.76673579216 0.0 0.0 2.99999666214 0.0 0.0 0.0 0.0 0.0 0.0 0.0 0.0 0.0 0.0 -1.12978422642 0.0 0.0 -0.585128426552 -0.369831204414 0.0126019027084 0.127662062645 0.755620777607 0.79846405983 0.276183336973 1.70631361008 0.414835572243 0.953041136265 1.65830302238 3.09452724457 2.78639864922 0.746748805046 0.0 0.0 3.99999856949 0.0 0.0 0.0 0.0 0.0 0.0 0.0 0.0 0.0 0.0 0.0 0.0 -1.17473757267 -1.44969177246 -0.680448770523 0.0166357271373 0.472503334284 0.230306088924 0.526360630989 0.283695101738 0.322213202715 0.0 0.0 0.0 0.0 0.0 0.0 0.0 0.0 0.0 0.0
0.0 0.0 0.0 0.0 0.0 0.0 0.0 0.0 0.0 -0.336883723736 0.0 -0.820516884327 -0.881202340126 -0.115780338645 -0.0682869255543 0.0432184040546 0.511934041977 0.433444857597 1.61289691925 1.07526159286 0.851101636887 1.91727471352 0.565081775188 0.595359563828 2.79864501953 0.739767313004 0.0 0.0 2.99999666214 0.0 0.0 0.0 0.0 0.0 0.0 0.0 0.0 0.0 0.0 0.0 -0.580126464367 -0.21801649034 -0.434481084347 -0.544432401657 -0.0294272545725 0.0355711579323 0.425778090954 0.948054909706 0.0 1.31945431232 0.853932142258 2.46012401581 1.11267447472 1.2572568655 3.41271543503 0.0 0.0 0.893264114857 3.99999856949 0.0 0.0 0.0 0.0 0.0 0.0 0.0 0.0 0.0 0.0 0.0 0.0 -0.185646906495 -1.04064154625 -0.596852183342 0.0721612945199 0.522748053074 0.142063334584 0.735048413277 1.10600471497 0.642027676105 0.390922307968 0.0 0.0 0.0 0.0 0.0 0.0 0.0 0.0 1.00000071526
0.0 0.0 0.0 0.0 0.0 0.0 0.0 0.0 0.0 -0.336883723736 0.0 -0.820516884327 -0.881202340126 -0.115780338645 -0.0682869255543 0.0432184040546 0.511934041977 0.433444857597 1.61289691925 1.07526159286 0.851101636887 1.91727471352 0.565081775188 0.595359563828 2.79864501953 0.739767313004 0.0 0.0 2.99999666214 0.0 0.0 0.0 0.0 0.0 0.0 0.0 0.0 0.0 0.0 0.0 -0.580126464367 -0.21801649034 -0.434481084347 -0.544432401657 -0.0294272545725 0.0355711579323 0.425778090954 0.948054909706 0.0 1.31945431232 0.853932142258 2.46012401581 1.11267447472 1.2572568655 3.41271543503 0.0 0.0 0.893264114857 3.99999856949 0.0 0.0 0.0 0.0 0.0 0.0 0.0 0.0 0.0 0.0 0.0 0.0 -0.185646906495 -1.04064154625 -0.596852183342 0.0721612945199 0.522748053074 0.142063334584 0.735048413277 1.10600471497 0.642027676105 0.390922307968 0.0 0.0 0.0 0.0 0.0 0.0 0.0 0.0 1.00000071526
0.0 0.0 0.0 0.0 0.0 0.0 0.0 0.0 0.0 0.0 0.0 -0.363915354013 -0.610300660133 -0.0424897074699 0.0 0.397969871759 0.696549654007 0.64502632618 0.300478279591 0.637166976929 1.20319485664 4.35116672516 0.561595678329 1.17268323898 5.59729003906 0.0 0.0 0.0 2.99999666214 0.0 0.0 0.0 0.0 0.0 0.0 0.0 0.0 0.0 0.0 0.0 0.0 0.0 0.0 -0.670943319798 0.00516961980611 0.0912835970521 0.0 0.393617033958 0.0 0.658525943756 2.51249647141 0.931556820869 3.83637332916 1.25759780407 2.09898376465 1.53467392921 0.0 0.0 7.99999666214 0.0 0.0 0.0 0.0 0.0 0.0 0.0 0.0 0.0 0.0 0.0 0.0 -0.176252260804 -0.488315135241 -1.29885482788 0.0522594600916 0.581878483295 0.290065616369 0.833240628242 0.49271646142 0.0 0.0 0.0 0.0 0.0 0.0 0.0 0.0 0.0 0.0 0.0
0.0 0.0 0.0 0.0 0.0 0.0 0.0 0.0 0.0 0.0 0.0 -0.594694137573 -0.610300660133 -0.0424897074699 0.0 0.397969871759 0.696549654007 0.64502632618 0.300478279591 0.637166976929 1.20319485664 4.35116672516 0.561595678329 1.17268323898 5.59729003906 0.0 0.0 0.0 1.99999785423 0.0 0.0 0.0 0.0 0.0 0.0 0.0 0.0 0.0 0.0 -0.316880583763 0.0 0.0 0.0 -0.670943319798 0.00516961980611 0.0912835970521 0.0 0.393617033958 0.0 0.658525943756 2.51249647141 0.931556820869 3.83637332916 1.25759780407 1.39932250977 1.53467392921 0.0 0.0 7.99999666214 0.0 0.0 0.0 0.0 0.0 0.0 0.0 0.0 0.0 0.0 0.0 0.0 -0.400963783264 -0.488315135241 -1.21975576878 0.0522594600916 0.581878483295 0.290065616369 0.833240628242 0.49271646142 0.0 0.0 0.0 0.0 0.0 0.0 0.0 0.0 0.0 0.0 0.0
0.0 0.0 0.0 0.0 0.0 0.0 0.0 0.0 0.0 0.0 0.0 -0.363915354013 -0.729196131229 -0.0424897074699 0.0209283325821 0.397969871759 0.696549654007 0.64502632618 0.300478279591 0.326518297195 1.20319485664 4.35116672516 0.561595678329 1.17268323898 5.59729003906 0.0 0.0 0.0 1.99999785423 0.0 0.0 0.0 0.0 0.0 0.0 0.0 0.0 0.0 0.0 0.0 0.0 0.0 -0.156752288342 -0.743443846703 0.00516961980611 0.0912835970521 0.0 0.393617033958 0.0 0.658525943756 2.08390951157 0.931556820869 3.83637332916 1.25759780407 1.39932250977 1.53467392921 0.0 0.0 7.99999666214 0.0 0.0 0.0 0.0 0.0 0.0 0.0 0.0 0.0 -0.424048036337 0.0 0.0 0.0 -0.488315135241 -1.31455028057 0.0522594600916 0.581878483295 0.290065616369 0.833240628242 0.49271646142 0.0 0.0 0.0 0.0 0.0 0.0 0.0 0.0 0.0 0.0 0.0
0.0 0.0 0.0 0.0 0.0 0.0 0.0 0.0 0.0 0.0 0.0 -0.207415923476 -0.528570413589 -0.237843960524 0.0132205132395 0.408177733421 0.116420477629 0.408460646868 0.53282636404 0.321129828691 0.0 1.42365407944 3.40923213959 2.53058075905 5.52620697021 0.0 0.0 0.0 3.99999570847 0.0 0.0 0.0 0.0 0.0 0.0 0.0 0.0 0.0 0.0 -0.743720054626 -0.515340745449 -0.189922869205 -0.169088497758 -0.360937267542 0.0111723709852 0.0691384673119 0.414919614792 0.41020488739 0.277555406094 0.0 2.85896754265 2.94361615181 1.67754077911 0.589227378368 4.16843032837 0.0 0.0 0.0 3.99999856949 0.0 0.0 0.0 0.0 0.0 0.0 0.0 0.0 0.0 0.0 0.0 -0.263397097588 -0.576691269875 -1.33950841427 -0.63482105732 0.0079773645848 0.307702422142 0.578117966652 0.175453543663 0.246653735638 0.0 0.0 0.0 0.0 0.0 0.0 0.0 0.0 0.0 0.0 0.0
0.0 0.0 0.0 0.0 0.0 0.0 0.0 0.0 -0.430480211973 0.0 -0.3013677001 -0.173757255077 -0.559566617012 -0.132781893015 -0.0595515109599 0.267033994198 0.164616435766 0.227491974831 0.600956559181 3.07689499855 0.818543195724 0.472472310066 0.51960593462 0.0 4.1979675293 0.76673579216 0.0 0.0 5.99999380112 0.0 0.0 0.0 0.0 0.0 0.0 0.0 0.0 0.0 -0.411767542362 -0.31258136034 -0.536119639874 0.0 -0.268638879061 -0.544312238693 0.0348251834512 0.0355711579323 0.150298133492 0.199975967407 0.0 0.0 0.0 3.78854441643 1.69405531883 2.57915616035 4.1979675293 0.746748805046 0.0 0.0 5.99999761581 0.0 0.0 0.0 0.0 0.0 0.0 0.0 0.0 0.0 0.0 0.0 -0.526794195175 0.0 -0.732819437981 -0.882215380669 0.0161136109382 0.697975575924 0.609678268433 0.205526813865 0.568048775196 1.04636383057 0.393871963024 0.0 0.535851895809 0.0 0.0 0.0 0.0 0.0 0.0 1.00000071526
0.0 0.0 0.0 0.0 0.0 0.0 0.0 0.0 0.0 0.0 -0.9041031003 -0.386890918016 -0.809462428093 -0.0740617588162 -0.0462060384452 0.247764185071 0.216427087784 0.854739010334 0.0 1.33108329773 0.409271597862 2.79961967468 0.0 1.78540706635 3.49830627441 0.0 0.0 0.0 4.99999475479 0.0 0.0 0.0 0.0 0.0 0.0 0.0 0.0 0.0 -1.23530268669 -1.12978422642 0.0 0.0 -0.812356710434 -0.394560724497 0.0 0.182567194104 0.681310892105 0.0 0.282384097576 0.0 0.810960888863 1.01877474785 3.353951931 1.30604159832 3.49830627441 1.53467392921 0.0 0.0 4.99999809265 0.0 0.0 0.0 0.0 0.0 0.0 0.0 0.0 0.0 0.0 0.0 0.0 -0.594579577446 -0.53224670887 -1.13791716099 0.106447964907 0.766201376915 0.57401072979 0.885083317757 0.0 0.0 0.0 0.0 0.0 0.0 0.0 0.0 0.0 0.0 0.0 0.0
0.0 0.0 0.0 0.0 0.0 0.0 0.0 0.0 0.0 0.0 0.0 -0.193062469363 -0.697086811066 -0.427470266819 0.0063641644083 0.346347033978 0.26908904314 0.884164512157 0.26057523489 1.12629246712 1.65557920933 2.39172840118 0.0 2.41298413277 1.39932250977 0.744128227234 0.0 0.0 0.999998927116 0.0 0.0 0.0 0.0 0.0 0.0 0.0 0.0 0.0 0.0 -0.318917095661 0.0 -0.591564118862 -0.288203597069 -0.19376128912 -0.0849303156137 0.479319512844 0.408079653978 0.209281623363 0.826284646988 0.994067549706 0.416197299957 2.43490791321 1.10892152786 4.49202299118 0.699661254883 2.26666021347 0.0 0.0 1.99999928474 0.0 0.0 0.0 0.0 0.0 0.0 0.0 0.0 0.0 0.0 0.0 0.0 -0.196792379022 -1.7673728466 -0.805793523788 0.0518287271261 0.651872098446 0.372802555561 0.414420038462 0.792957007885 1.32403540611 0.393312364817 0.0 0.0 0.0 0.0 0.0 0.0 0.0 0.0 1.00000071526
0.0 0.0 0.0 0.0 0.0 0.0 0.0 0.0 0.0 0.0 0.0 0.0 0.0 -0.0867238715291 0.0374779775739 0.0 0.13544946909 0.435091376305 0.0 0.332553893328 0.0 0.0 0.0 0.595359563828 0.699661254883 0.0 0.0 0.0 0.999998927116 0.0 0.0 0.0 0.0 0.0 0.0 0.0 0.0 0.0 0.0 0.0 0.0 0.0 0.0 -0.0730386078358 0.00964543875307 0.0655501782894 0.162866935134 0.426613867283 0.263836413622 0.0 0.0 0.0 0.0 0.0 1.35799992085 0.0 0.0 0.0 0.999999642372 0.0 0.0 0.0 0.0 0.0 0.0 0.0 0.0 0.0 0.0 0.0 0.0 0.0 0.0 -0.0790989473462 -0.0435188449919 0.0355711579323 0.159266918898 0.214832410216 0.525168657303 0.0 0.393871963024 0.0 0.535851895809 0.0 0.0 0.0 0.0 0.0 0.0 0.0
0.0 0.0 0.0 0.0 0.0 0.0 0.0 0.0 0.0 0.0 0.0 -0.192343622446 -0.238374605775 -0.165822818875 0.0307513102889 0.0 0.865256786346 0.541133999825 0.0 0.749327421188 0.0 0.930171966553 0.0 0.0 0.699661254883 0.0 0.0 0.0 0.0 0.0 0.0 0.0 0.0 0.0 0.0 0.0 0.0 0.0 0.0 0.0 0.0 0.0 -0.289310127497 0.0 0.077996596694 0.248173713684 0.286619901657 1.0098156929 0.0 0.715131938457 0.416197299957 0.46716055274 0.550832629204 0.0 0.0 0.0 0.0 0.0 0.999999642372 0.0 0.0 0.0 0.0 0.0 0.0 0.0 0.0 0.0 -0.790313780308 0.0 0.0 -0.185646906495 -0.159372270107 0.0 0.0456488579512 0.107731044292 0.533528864384 0.447387486696 0.86255890131 0.734047949314 0.393871963024 0.0 0.535851895809 0.0 0.0 0.0 0.0 0.0 0.0 1.00000071526
0.0 0.0 0.0 0.0 0.0 0.0 0.0 0.0 -0.431113034487 0.0 -1.14796733856 -0.442813694477 -0.118895493448 -0.0979755371809 0.0475067347288 0.210267275572 0.265007704496 1.79510712624 2.88102579117 1.08720171452 1.58561360836 2.82007312775 0.0 0.0 0.0 0.0 0.0 0.0 0.0 0.0 0.0 0.0 0.0 0.0 0.0 0.0 0.0 -0.456985831261 0.0 -0.321851789951 -0.268059819937 -0.392310142517 -0.264701247215 -0.352043062449 0.0299633853137 0.275020807981 0.962748527527 0.19303534925 1.13911056519 0.685031116009 0.863113880157 3.6929295063 2.7213344574 1.82325208187 0.0 0.0 0.0 0.0 0.0 0.0 0.0 0.0 0.0 0.0 0.0 0.0 0.0 0.0 0.0 0.0 -0.263397097588 -0.618753790855 -0.280825436115 -0.424566417933 -0.0279394201934 0.263566613197 1.26574206352 1.25143361092 0.530248880386 0.315373331308 0.762107849121 1.85495901108 0.0 0.0 0.0 0.0 0.0 0.0 0.0 0.0
0.0 0.0 0.0 0.0 0.0 0.0 0.0 0.0 0.0 0.0 0.0 0.0 -0.119524762034 -0.263650476933 0.0525112599134 0.613783895969 0.867196202278 0.607030749321 2.16306376457 1.36540138721 1.67091453075 0.972187042236 0.550385713577 0.0 2.82272148132 0.0 0.0 0.0 1.99999785423 0.0 0.0 0.0 0.0 0.0 0.0 0.0 0.0 0.0 0.0 0.0 0.0 0.0 -0.234684944153 -0.0435501113534 0.0465076938272 0.108298152685 0.266988754272 1.46555840969 0.755864620209 1.33715295792 2.58799433708 0.968972921371 3.25951004028 0.0 2.80646395683 0.0 0.0 0.0 2.99999904633 0.0 0.0 0.0 0.0 0.0 0.0 0.0 0.0 0.0 0.0 0.0 -0.246578797698 0.0 -0.582499921322 -0.517419874668 0.0217250641435 0.229213923216 0.638931393623 0.583779215813 2.41579985619 1.77437591553 0.418759226799 0.0 1.07170379162 0.0 0.0 0.0 0.0 0.0 0.0 0.0
0.0 0.0 0.0 0.0 0.0 0.0 0.0 0.0 0.0 0.0 -2.3419983387 0.0 -0.454797148705 -0.0818908363581 0.0 0.0782482922077 0.232342153788 0.217238977551 0.550243020058 6.39862012863 1.95127272606 3.37191486359 0.0 0.0 0.0 0.0 0.0 0.0 0.0 0.0 0.0 0.0 0.0 0.0 0.0 0.0 0.0 0.0 -0.411767542362 -2.7762658596 0.0 0.0 -0.232168078423 -0.0725005343556 0.0 0.0517601110041 0.0 0.202091127634 0.517099142075 0.67068362236 4.96680164337 3.95218348503 4.35416889191 0.652451753616 2.03051543236 0.0 0.0 0.0 0.0 0.0 0.0 0.0 0.0 0.0 0.0 0.0 0.0 0.0 0.0 0.0 0.0 -1.66360843182 -0.641866862774 -0.594132840633 0.133591547608 0.332937836647 0.63005143404 1.20562267303 0.24635823071 0.0 0.0 0.0 0.0 0.0 0.0 0.0 0.0 0.0 0.0 0.0
0.0 0.0 0.0 0.0 0.0 0.0 0.0 0.0 0.0 -0.336883723736 0.0 -0.211245283484 -0.276617377996 0.0 0.0304890796542 0.0900721177459 0.50094550848 1.10045194626 0.834084391594 2.19724225998 1.29357242584 2.35173368454 0.0 1.75902485847 3.49830627441 2.21930193901 0.0 0.0 4.99999475479 0.0 0.0 0.0 0.0 0.0 0.0 0.0 0.0 0.0 0.0 0.0 -0.280904442072 -0.21801649034 -0.152674913406 -0.0456055961549 -0.00780416047201 0.077640786767 0.27050191164 0.624659001827 0.0 1.66848742962 1.27063179016 3.42700624466 1.05579602718 3.813393116 3.49830627441 2.30201101303 0.0 2.67979240417 4.99999809265 0.0 0.0 0.0 0.0 0.0 0.0 0.0 0.0 0.0 0.0 0.0 0.0 -0.221963196993 -0.497166693211 -0.82125043869 0.152718052268 0.368901997805 0.423239201307 0.736676692963 1.29847729206 0.701656341553 0.0 0.0 0.0 0.0 0.0 0.0 0.0 0.0 0.0 0.0
0.0 0.0 0.0 0.0 0.0 0.0 0.0 0.0 0.0 0.0 0.0 0.0 -0.106551893055 -0.130916640162 0.0684523582458 0.0 0.107094109058 0.0 0.297516703606 0.0 0.0 0.0 0.564722120762 0.0 0.699661254883 0.0 0.0 0.0 0.999998927116 0.0 0.0 0.0 0.0 0.0 0.0 0.0 0.0 0.0 0.0 0.0 0.0 0.0 0.0 -0.217719852924 0.00964543875307 0.136021763086 0.0 0.841365158558 0.0 0.0 0.0 0.0 0.0 0.604889690876 0.699661254883 0.0 0.0 0.0 0.999999642372 0.0 0.0 0.0 0.0 0.0 0.0 0.0 0.0 0.0 0.0 0.0 0.0 0.0 0.0 -0.175246566534 0.0 0.0914653688669 0.94170665741 0.0 0.543712496758 0.0 0.393871963024 0.0 0.535851895809 0.0 0.0 0.0 0.0 0.0 0.0 0.0
0.0 0.0 0.0 0.0 0.0 0.0 0.0 0.0 0.0 0.0 0.0 0.0 0.0 -0.37540781498 0.0568265467882 0.0 0.112122669816 0.580066204071 0.0 0.0 0.409271597862 0.0 0.0 0.586341619492 1.39932250977 0.0 0.0 0.0 1.99999785423 0.0 0.0 0.0 0.0 0.0 0.0 0.0 0.0 0.0 0.0 0.0 -0.250921815634 0.0 -0.225291252136 0.0 0.106921389699 0.0 0.0 0.199975967407 0.304331064224 0.65818297863 0.0 0.0 0.0 0.654183447361 1.39932250977 0.767336964607 0.0 0.0 1.99999928474 0.0 0.0 0.0 0.0 0.0 0.0 0.0 0.0 0.0 0.0 0.0 0.0 0.0 0.0 -0.439941942692 -0.0727990269661 0.0711423158646 0.115450516343 0.0 0.24635823071 0.0 0.782271623611 0.0 0.535851895809 0.0 0.0 0.0 0.0 0.0 0.0 0.0
0.0 0.0 0.0 0.0 0.0 0.0 0.0 0.0 0.0 0.0 0.0 -0.178309321404 -0.814826965332 -0.182301282883 -0.0570045784116 0.485648393631 0.0 0.829714536667 1.60173022747 1.08810007572 0.832920789719 1.81152153015 1.05804896355 1.85302472115 1.39932250977 0.76673579216 0.0 0.0 2.99999666214 0.0 0.0 0.0 0.0 0.0 0.0 0.0 0.0 0.0 0.0 -1.12978422642 -0.273990184069 0.0 0.0 -0.278491467237 0.0295590218157 0.125014424324 1.50620627403 0.0 0.0 0.0 1.13994407654 0.469458252192 3.24698114395 4.44721889496 2.09898376465 1.47873520851 0.0 0.0 1.99999928474 0.0 0.0 0.0 0.0 0.0 0.0 0.0 0.0 0.0 0.0 0.0 0.0 -0.977962315083 -0.481640219688 -0.572272539139 -0.139096498489 0.582275271416 0.270092785358 1.60824739933 0.0 0.312599599361 0.0 0.0 0.0 0.0 0.0 0.0 0.0 0.0 0.0 0.0
0.0 0.0 0.0 0.0 0.0 0.0 0.0 0.0 0.0 0.0 -0.514928817749 -0.585152864456 -0.601779103279 0.0 0.012523284182 0.349390536547 0.146178111434 0.204475536942 1.91806483269 1.4567797184 3.67481136322 0.465249210596 1.09296584129 1.78540706635 0.699661254883 0.0 0.0 0.0 0.0 0.0 0.0 0.0 0.0 0.0 0.0 0.0 0.0 0.0 0.0 -0.731322646141 0.0 -0.229666531086 -0.809396326542 -0.225618392229 0.00884065777063 0.0 0.384061813354 0.417537868023 1.45904183388 1.02956414223 2.42916727066 2.81693387032 2.23801350594 1.96022510529 0.0 1.53467392921 0.0 0.0 0.999999642372 0.0 0.0 0.0 0.0 0.0 0.0 0.0 0.0 0.0 0.0 -0.345477044582 -0.505331158638 -0.549149274826 -0.486128181219 -1.1183514595 -0.00281541608274 0.387272894382 0.422854304314 0.453807413578 0.0 0.0 0.0 0.0 0.0 0.0 0.0 0.0 0.0 0.0 0.0 0.0
0.0 0.0 0.0 0.0 0.0 0.0 0.0 0.0 0.0 0.0 0.0 -0.192343622446 -0.119187302887 -0.0790989473462 0.0658720582724 0.0530354455113 0.145892560482 0.175181895494 0.0 0.0 0.409271597862 0.0 0.0 0.0 0.699661254883 0.0 0.0 0.0 0.0 0.0 0.0 0.0 0.0 0.0 0.0 0.0 0.0 0.0 0.0 0.0 0.0 0.0 -0.144655063748 0.0 0.0221762992442 0.237338632345 0.136585578322 0.390478432178 0.0 0.0 0.0 0.0 0.0 0.654183447361 0.0 0.0 0.0 0.0 0.999999642372 0.0 0.0 0.0 0.0 0.0 0.0 0.0 0.0 0.0 -0.395156890154 0.0 0.0 0.0 0.0 -0.0948425084352 0.00208154274151 0.0355711579323 0.246172606945 0.0 0.569592118263 0.367023974657 0.393871963024 0.0 0.535851895809 0.0 0.0 0.0 0.0 0.0 0.0 1.00000071526
0.0 0.0 0.0 0.0 0.0 0.0 0.0 0.0 0.0 0.0 0.0 0.0 -0.118895493448 -0.231688991189 0.00271147955209 0.0683010593057 0.682485938072 0.438351124525 0.771658837795 1.98757839203 2.00813817978 0.941721260548 2.23203659058 1.23702895641 6.29695129395 0.0 0.0 0.0 4.99999475479 0.0 0.0 0.0 0.0 0.0 0.0 0.0 0.0 0.0 0.0 0.0 0.0 0.0 0.0 -0.314983874559 0.0 0.0467309989035 0.645503640175 0.0 0.286922246218 0.999366998672 1.9532430172 3.41974949837 1.07412743568 3.79802274704 4.20219421387 0.767336964607 0.0 0.0 8.9999961853 0.0 0.0 0.0 0.0 0.0 0.0 0.0 0.0 0.0 0.0 0.0 0.0 0.0 -1.04328274727 -1.42930531502 -0.0442789569497 0.619058132172 0.274322479963 0.0 0.24635823071 0.0 0.0 0.0 0.0 0.0 0.0 0.0 0.0 0.0 0.0 0.0
0.0 0.0 0.0 0.0 0.0 0.0 0.0 0.0 0.0 0.0 0.0 0.0 0.0 0.0 0.0905303806067 0.0 0.108001790941 0.0 0.0 0.0 0.409271597862 0.514548540115 0.0 0.0 0.0 0.0 0.0 0.0 0.0 0.0 0.0 0.0 0.0 0.0 0.0 0.0 0.0 0.0 0.0 0.0 0.0 0.0 0.0 0.0 0.0286456272006 0.0610446929932 0.0 0.199975967407 0.0 0.352190434933 0.0 0.0 0.0 0.654183447361 0.700764656067 0.0 0.0 0.0 0.0 0.0 0.0 0.0 0.0 0.0 0.0 0.0 0.0 0.0 0.0 0.0 0.0 0.0 0.0 -0.141341537237 0.0 0.0 0.149120137095 0.0 0.580443739891 0.0 0.393871963024 0.0 0.535851895809 0.0 0.0 0.0 0.0 0.0 0.0 0.0
0.0 0.0 0.0 0.0 0.0 0.0 0.0 0.0 0.0 0.0 -0.245001405478 -0.18898768723 -0.316960960627 -0.332367002964 -0.0599909946322 0.442025214434 0.265760242939 1.40844094753 0.291151762009 2.08728122711 1.73595905304 0.501486301422 1.09712052345 0.6236718297 1.39932250977 2.24627041817 0.0 0.0 0.0 0.0 0.0 0.0 0.0 0.0 0.0 0.0 0.0 0.0 0.0 -0.354850530624 -0.255274236202 0.0 -0.536098659039 -0.269281208515 -0.0233056880534 0.78294479847 0.250793725252 0.420864403248 1.09528779984 0.373966395855 0.880532383919 2.46818566322 2.20241093636 2.44194102287 0.0 0.746748805046 0.0 1.78652822971 1.99999928474 0.0 0.0 0.0 0.0 0.0 0.0 0.0 0.0 0.0 0.0 0.0 -0.781609177589 -0.401477575302 -1.47326219082 -0.746382713318 0.125164926052 0.507795333862 0.508495569229 0.239608630538 0.565533161163 0.0 0.0 0.0 0.0 0.0 0.0 0.0 0.0 0.0 0.0 0.0
0.0 0.0 0.0 0.0 0.0 0.0 0.0 0.0 0.0 0.0 -0.244162335992 -1.07369840145 -0.627984285355 -0.407225519419 0.0358304344118 0.469099402428 0.424741476774 0.175891891122 1.15159273148 1.04165029526 0.832002639771 2.51392412186 0.0 0.598582148552 0.0 0.0 0.0 0.0 0.999998927116 0.0 0.0 0.0 0.0 0.0 0.0 0.0 0.0 0.0 -0.391469687223 0.0 -0.284482866526 -0.198291435838 -0.362072408199 -0.604050755501 -0.0136330388486 0.158491522074 0.475455880165 0.423319518566 1.03660273552 0.0 0.792196452618 1.44795572758 2.15611004829 1.8092854023 1.38707613945 0.0 0.0 0.0 0.0 0.0 0.0 0.0 0.0 0.0 0.0 0.0 0.0 0.0 0.0 0.0 0.0 -0.671913146973 -0.92191940546 -0.265823274851 0.0130915492773 0.840117394924 0.832720279694 1.2418756485 0.4923825562 1.63921880722 0.405585885048 0.487677574158 0.0 0.0 0.0 0.0 0.0 0.0 0.0 0.0
0.0 0.0 0.0 0.0 0.0 0.0 0.0 0.0 0.0 0.0 0.0 0.0 -0.6755002141 -0.106215029955 0.0 0.27205491066 0.43033772707 1.4655636549 1.41272723675 1.82448911667 1.96395719051 2.39179515839 1.14027833939 1.1978969574 1.39932250977 0.739767313004 0.0 0.0 0.0 0.0 0.0 0.0 0.0 0.0 0.0 0.0 0.0 0.0 0.0 -0.376594752073 0.0 -0.665128588676 -0.123753555119 -0.221283778548 -0.0244255270809 0.0912835970521 0.169629856944 0.21765948832 1.46211099625 0.349331796169 2.34339785576 3.85328054428 4.83853340149 3.04634642601 0.658338665962 0.0 0.0 0.893264114857 1.99999928474 0.0 0.0 0.0 0.0 0.0 0.0 0.0 0.0 0.0 0.0 0.0 0.0 0.0 -0.56596583128 -0.373059928417 0.279703348875 0.602612614632 0.621629953384 0.527156829834 0.294848769903 0.0 0.0 0.0 0.0 0.0 0.0 0.0 0.0 0.0 0.0 0.0
0.0 0.0 0.0 0.0 0.0 0.0 0.0 0.0 0.0 0.0 -0.3013677001 -0.614337146282 -0.516153812408 -0.0365169905126 -0.0521793216467 0.0615935511887 0.168673217297 0.401852190495 3.24355912209 2.1042175293 0.848320424557 0.0 0.52031981945 0.589109957218 1.39932250977 0.0 0.0 0.0 0.0 0.0 0.0 0.0 0.0 0.0 0.0 0.0 0.0 0.0 -0.411767542362 0.0 0.0 -0.664982438087 -0.779414534569 -0.21537271142 0.0826302617788 0.0755069032311 0.82141160965 0.0 0.280034095049 1.76797425747 0.391273498535 2.82728409767 4.40103626251 1.89239287376 0.0 0.0 0.0 0.0 1.99999928474 0.0 0.0 0.0 0.0 0.0 0.0 0.0 0.0 0.0 0.0 -0.721036672592 0.0 -0.35921394825 -0.489216208458 -0.534489154816 0.00846299342811 0.708426892757 0.820848822594 0.891772925854 0.24635823071 0.0 0.0 0.0 0.0 0.0 0.0 0.0 0.0 0.0 0.0 0.0
0.0 0.0 0.0 0.0 0.0 0.0 0.0 0.0 0.0 0.0 -0.781664192677 -0.196337506175 -0.372378230095 -0.250484257936 -0.0611021518707 0.155609101057 0.232751771808 0.421714514494 1.12842559814 4.05960798264 0.421747416258 1.4635591507 3.25018286705 0.586341619492 0.0 0.0 0.0 0.0 0.0 0.0 0.0 0.0 0.0 0.0 0.0 0.0 0.0 0.0 0.0 -0.313362717628 -0.516491293907 0.0 -0.277588844299 -0.193547844887 -0.0287179108709 0.284259557724 0.754666388035 0.433847874403 0.0 1.01784777641 1.68859052658 2.37766170502 2.76110839844 2.59629154205 3.34153366089 0.767336964607 0.0 0.0 0.0 0.0 0.0 0.0 0.0 0.0 0.0 0.0 0.0 0.0 0.0 0.0 0.0 -1.82279205322 -0.384434700012 -0.435338318348 0.131384879351 0.775356471539 0.118046283722 0.610624313354 0.766588389874 0.342251837254 0.0 0.0 0.0 0.0 0.0 0.0 0.0 0.0 0.0 2.00000143051
0.0 0.0 0.0 0.0 0.0 0.0 0.0 0.0 0.0 0.0 -0.518285751343 -0.230778768659 -0.564989984035 -0.344236910343 0.0545103661716 0.0 0.256213307381 0.846207559109 0.0 0.326518297195 0.819005727768 2.38892579079 0.527721524239 1.17268323898 6.99661254883 0.0 0.0 0.0 5.99999380112 0.0 0.0 0.0 0.0 0.0 0.0 0.0 0.0 0.0 0.0 -0.316880583763 -0.256805628538 -0.42919832468 -1.31773626804 -0.046383112669 -0.025472080335 0.153852730989 0.139431059361 0.0 1.08602797985 0.0 0.835479974747 0.448415905237 2.21217083931 0.609207689762 4.89115095139 1.53467392921 0.0 0.0 9.9999961853 0.0 0.0 0.0 0.0 0.0 0.0 0.0 0.0 0.0 0.0 0.0 0.0 -0.867716550827 -0.524942398071 -0.882454395294 0.0657876729965 0.794788300991 0.934913873672 0.0 0.288455545902 0.0 0.0 0.0 0.0 0.0 0.0 0.0 0.0 0.0 0.0 0.0
0.0 0.0 0.0 0.0 0.0 0.0 0.0 0.0 0.0 0.0 0.0 0.0 0.0 -0.620850086212 0.0316156186163 0.516581296921 0.137531265616 0.185705170035 0.831701040268 0.664205551147 0.846301615238 0.987297415733 0.0 0.0 6.99661254883 0.0 0.0 0.0 9.99998950958 0.0 0.0 0.0 0.0 0.0 0.0 0.0 0.0 0.0 0.0 0.0 0.0 -2.14717817307 0.0 0.0 0.0 0.0492394044995 1.14535617828 0.0 0.0 1.44506812096 0.809325695038 1.48879539967 0.558590531349 0.628798902035 6.99661254883 0.0 0.0 0.0 9.9999961853 0.0 0.0 0.0 0.0 0.0 0.0 0.0 0.0 0.0 0.0 0.0 0.0 0.0 -0.14522407949 -1.40316092968 0.0289954543114 0.455940067768 0.387020587921 0.0 0.511804163456 0.0 4.01083993912 0.0 0.0 0.0 0.0 0.0 0.0 0.0 0.0 0.0
