643 51 368 518 1612 1800 310 602 157
592 188 453 49 314 26
344 0 14 923 2885 1044 1211 215
345 16 214 118 48
346 52 639 473 2668
347 51 757 230 761 462 32
340 22 477 875 391 26
341 746 1652 396 1629 1085
342 47 599 254 3288 1595 392 500 129 243 13
343 139 420 132 13
348 80 703 1145 1161 28
349 0 14 923 957 814 170 101
512 34 187 490 804 539 1732 580 74 408 613 29 4
594 0 14 104 217 92 743 150 8
2318 2 550 615 339 1018
2319 197 1744 110 49 351 235
2316 467 1767
2317 6 3460 2696 438 26
2314 17 948 314 488 58
2315 3100 3341 1307
2312 119 918 617 834 2948 3260 415 426 75
2313 84 1397 1311 1293 1828 415 2385 2449 549 38
2310 978 184 433 336 322 676 24
2311 302 816 193 1753 935 43 8
298 21 89 68 1111 236
299 100 690 1423 1188
296 251 450 7 217 92 740 28
297 122 1946 803
294 81 221 73 337 1303 1832 858 43 8
295 63 1200 7 739 68 3
292 66 734 410 1536 578 95 19 13
293 63 1007 1684 2032 92 741 379 848
290 119 1037 1329 1746 1028 24
291 63 1201 1004 479 628 1
270 9 27 327 655 138 358 263 33
271 54 616 3050 829
272 152 1400 1836 2534
273 223 552 2721 1889
274 257 640 821 111
275 152 1838 2113 1541 1146 25
276 93 1091 150 8
277 565 1312 3457 561 1299 71 3
278 40 225 1525 1129 1334 124
279 223 843 1182 43 388 145 71 589 766 3098 574 157
738 83 515 662 1368 38
2268 0 14 104 78 432 1567 2284 2955 206
2269 262 1266 278 85
2262 151 491 696 913 1546 171 172 203
2263 1082 2292 2056 738 179 94 35
2260 122 537 1545 481 10 359 990 1331 15
2261 64 10 359 990 1331 15
2266 34 187 882 430 222 48
2267 126 82 372 1003 2993 212 222 48
2264 0 495
2265 746 1647 1123 699 50
2442 192 2096 980 1873 1400 1393 1826
2443 21 107 1138 896 1221 800 32
2440 16 250 28
2441 140 597 370 396 37 15
2446 120 638 1165 2757 2025 354 25
2447 248 230 761 700 94 35
2444 84 806 95 20
2445 139 1041 489 3316 3142 424 5
2448 398 1014 2787 3268 666 865 118 48
2449 257 1031 49 725 115
2189 1821 2632
108 66 735 1855
109 108 357 45 160 956 76
102 116 692 1470 760 709 15
103 9 27 770 481 2760 2554 142
100 521 178 220 7 12
101 251 450 7 67 10 1
106 9 110 36 1022 477 7 12
107 6 182 261 388 581 1417 1783 125
104 1460 1490
105 87 377 584 107 10 1
2046 697 872 486 105 46
2047 66 362 156 10 1
2044 9 27 767 1547 1492 44 675 430 15
2045 21 89 37 372 202
2042 312 2043 103
2043 2 475 240 639 493 765
2040 2880 189
2041 195 804 983 338 7 78 658 23 8
2188 248 230 762 429 1484 1533 1655 2114 206
1297 87 377 768 546 24
2048 291 458 1956 1805 1216
2049 306 212 283 189
2688 683 269 14 673 781 650 266 23 8
2689 127 2313 2059
2684 175 1057 1062
2685 22 258 77 535 785 28
2686 306 212 2551 2548 75
2687 1930 2872 1378
2680 64 136 416 905 276
2681 140 1141 1290 1486 196 32
2682 93 497 2232 2015 96 3
2683 6 182 611 258 358 57
99 120 638 1165 1398
98 745 199 1967 153 49 560 255 76
91 87 1788 1685 1884 437
90 2 36 860 323 307 847 406
93 54 92 45 331 1959 3285 469 1
92 64 596 1005 1187 1574 919 171 172 203
95 54 92 238 69 5
94 702 1163 243 13
97 120 354 3339 1861 212 439 226
96 87 378 427 336 322 91
1623 2254 3139 1364 3
1622 9 27 1096 2301 569 2556 3346
1993 40 2768 1543 611 1006 25
1620 34 187 1050 1774 150 8
1995 771 614 285 72 724 304
1626 81 510 514 391 237 1350 545 69 5
1997 51 577 149 85
1624 385 237 1350 545 69 5
1999 0 41 241 530 65 7 12
1998 40 2765 2921 2773 929 43 8
1629 256 2018 244 571 228
1628 256 472 103
2860 55 517 114 649 144 1389 1573 3
2861 62 653 1393 936 1103 3
2862 0 41 242 224 429 1995 1167
2863 1575 1863 798 440 349 1722 1446
2864 598 1467 1960 309
558 3299 3284 2576
2866 80 179 131 150 8
2867 227 3181 984
555 0 1662 2088 1089 20
2869 886 1255 636 28
557 152 2745 1365
556 116 963 1583
551 16 2349 2010 1076
550 381 3456 1040 507
553 21 56 231 35
552 340 1259 426 75
1199 1272 2398 1277 258 315 1827 1561 1049 37 86 4
1198 376 1968 1289 3446 648
1191 148 798 674 662 929 43 8
1190 188 453 201 1465 1338
1193 55 190 818 740 149 219 3140 38
1192 117 500 2024 964 1105
1195 342 1186 824 25
1194 121 462 416 2422 3069 3000 3059 2098 862 374 752 113
1197 195 867 2306 1544 512
1196 3294 2888 2997 2777
1759 1273 1991 304
1758 0 14 104 217 128 698 914 1009 1966 37 15
1757 334 1108 1214 3133 1304 161 176 31 12
1756 22 477 1036 1299 857 15
1755 54 153 548 72 13
1754 123 287 1123 699 50
1753 0 41 242 1609 1233 109
1752 482 1822 716 213 2234 3084 503 370 18
1751 257 641 2250 3283 701
1750 1054 440 3425 3422 2727
1177 660 483 220 1351 1067
1176 30 835 2174 1795 39
1175 133 647 1150 338 7 12
1174 100 1435 1043 554 24
1173 6 31 67 136 72 13
1172 88 72 861 1058 1766 622
1171 911 1674 59
1170 1083 2236 2649 2333 1656
1179 520 493 1704 749 105 284 232
1178 108 642 294 290 545 69 5
511 342 1186 608
1006 127 892 201 608
513 123 164 468 145 71 3
644 51 368 518 2643 1909 196 32
1285 2 619 1436 1163 243 13
1284 63 2039 3033 1155
1287 116 962 2005 1874 609 524
1286 16 250 1397 2370 573 437
1281 565 655 138 1
1280 198 1190 2588 1471 1381 103
1283 16 250 1395 1195
1282 0 1662 268
515 1406 630 478 1160 39
879 2 36 43 53 128 296 370 18
1289 305 704 31 67 10 1
1288 198 1190 2592 2968 26
514 0 1664 959 210
1579 70 624 899 181 519 38
1578 385 237 282 136 72 557 210
689 64 940 174 85
688 399 1676 59
685 2786 1407 1686
684 152 2750 2064 1929 86 294 24
687 0 14 589 431 1243 42 18
1570 22 2943 1932 1224 1
681 0 143 171 798 513 276
680 93 324 35
1575 227 1000 1663 2098 1232
682 1142 216 239
662 52 355 1982 1431 82 222 48
1227 0 1071 328 1877 894
622 16 506 114 739 68 3
1225 97 98 1453 855 1858 211 33
873 147 323 307 847 406
2966 63 233 413 461
1224 166 2077 794 193 329 504
1223 6 1025 556 60 358 57
626 2 167 1511 453 49 314 26
2741 447 1482 1496 324 118 48
1221 139 880 184 85
2036 2 36 859 915 1119 207 464
624 133 418 486 105 284 1497 686
2035 81 2538 3464 2873
1371 30 154 102 29 294 211 33
1370 1275 159
1373 2 618 850 1712 157
1372 9 27 767 1548 737 24
1375 291 213 2231 1556
1374 180 191 94 90 57
1377 87 377 584 8
400 312 1531 254 1526 1530 96 3
1379 879 1215 1070 234
1378 1316 531 91
1342 6 182 261 53 616 2466 1698 65 7 12
409 146 90 337 1269 925 50
408 447 1482 1499 704 5
1343 34 1763 1424 527 469 1
2747 64 288 275 1131
1242 0 41 242 1602 462 417 464
454 0 143 278 433 74 5
2746 140 943 1157 3343 2166 1477 115
455 3359 2776 363
9 175 1057 889 1146 629 1190 2593 3387 38
456 188 817 1636 2276 3320 153 202
1347 54 153 49 131 1147 225 716 4
265 198 1494 410 480
379 702 1163 891 2884 468 145 71 3
378 133 418 486 105 46
371 256 1001 156 209
370 152 1835
373 482 1390 1064
372 99 134 3
375 126 898 3220 1603 235
374 2991 2081 1326
377 40 335 2107 2708
376 146 259 313 264 1902 333
393 460 1263 258 1
392 460 1622 2863 3030 23 8
391 460 1622 2862 1007 38
390 6 561 367 211 33
397 823 286 1334 124
396 823 286 249
395 823 286 60 155 711 96 3
394 460 489 402 368 115
399 312 1531 254 1523 1144 74 5
398 823 2650 1929 86 4
2309 64 1401 496 875 1181 163
2308 246 391 218 1095 333
2301 683 1004 168
2300 1639 742 389
2303 745 2031
2302 21 53 153 202
2305 0 14 924 556 60 413 461
2304 54 153 49 1024
2307 121 138 563 1231 450 7 12
2306 84 806 204 293 189
245 120 1244 94 695 3362 975
244 99 933 129 320 141 545 69 5
247 11 79 400 226
246 9 110 352 1483
241 425 752 2562 1674 59
240 334 2542 3454 2363
243 117 280 366 1207 894
242 117 280 366 1523 1143 994 827 456
249 947 1933 2844 558 356 1096 142
248 88 7 217 128 4
2275 17 948 351 2080 1535 74 5
2274 345 60 564 793 134 104 12
2277 1506 1120 294 846 282 136 32
2276 99 134 104 2224 2914 1951 245 228
2271 3007 229 620 582 363
2270 306 212 439 2356 3424 185 646 443
2273 0 326 1357 1990 167 42 18
2272 17 949 1437 420 5
2279 3022 984
2278 248 230 761 462 72 13
2459 447 3116 1430
2458 501 868 965
2156 63 2039 1950 1005 76
2455 11 79 29 535 441 330 498
2454 2 619 1436 1924 2922 790
2457 62 1115 26
2456 257 2143 2807 2469 196 32
2451 425 1300 1879 1343
2450 30 835 1037 742 477 32
2453 84 1396 2249 494 374 752 113
2452 522 3415 2100
179 2794
178 631 2054 796 5
177 126 82 283 189
176 175 887 559 3081 2602 1814 864 235
175 40 335 2106 1790 554 24
174 55 190 90 1899 1249 270 1
173 55 1794 614 790
172 3122 3085 304
171 17 1410 629 545 244 109
170 30 154 158 515 234
2051 198 3172 544
2050 119 415 897 393
2053 260 487 2752 955 50
2052 80 179 560 255 76
2055 17 210
2054 34 187 23 388 2428 109
2057 135 666 3468 26
1503 17 2478 1870 341 202
2059 1409 1553 894
2058 123 287 2663 1180 59
654 127 267 741 379 130 169 1529 1754 368 115
1501 251 813 205 1484 1534 1598
652 30 264 1160 579 853 655 981
1507 11 79 29 2157 2045 239
650 108 485 583 328 1422 1144 74 5
1505 51 102 293 793 134 513 276
2157 1688 12
1364 467 1282 1758 2861 494 19 13
1977 305 831 651 3010 2875 1374 157
2699 47 494 375 2160 3428 3056 2127 2116 3390 91
2698 11 2513 2594 1628 5
2697 381 1568 600 359 970
2696 11 79 967 1515 1906 1792 184 85
2695 152 595 1811 573 229 620 33
2694 1272 2397 3323 545 69 5
2693 180 519 245 2903 984
1603 177 755 645 1065 507
2691 133 418 1256 727 1513
2690 70 624 1319 694 1448 3055 269 14 673 781 142
1974 22 605 131 845 627 509 15
1973 654 532 527 1177 42 819 1370
1604 2910 3313 3070
1607 166 634 174 2085 3219 1740 1485 824 25
1606 1030 2454 1993 358 263 432 5
1968 467 2571 243 558 1060
1969 17 949 1439 469 1
1618 2 550 524
1619 3440 1841
1616 54 128 698 2500 568 28
1965 87 378 427 336 39
1614 6 409 531 1180 59
1967 425 2336 407 236
1612 2091 3309 2081 1326
1613 188 604 294 211 325 39
1962 17 523 753 273
1611 17 809 423
1114 93 1711
1363 631 2054 796 31 12
2873 11 1749 1239 716 296 39
2872 66 1254 518 1128 110 2029 124
2871 2779 2819 2763
2870 40 1851 1601 1888 867 495
2877 133 418 878 103
2876 0 14 923 689 326 222 48
2875 247 105 791 1362 1055 715 25
2874 40 2766 2262 3300 484 716 4
2153 501 1240
2879 256 3208 868 964 329 2459 10 1
2878 126 1699 1694 3117 1144 690 686
2544 0 41 241 530 65 7 141 231 29 4
1768 1506 1120 294 449 10 1
1769 11 79 969 1943 1451 292 618 25
1762 188 817 238 1296 803
1763 886 274 60 155 1514 1191 193 329 504
1760 11 79 259 406
1761 30 264 1903 1442 1155
1766 66 878 1733 802 199 125
1767 62 652 19 13
1764 137 626 165 1600 1411 1952
1765 180 1815 827 456
1142 66 734 410 480
1143 135 1341 993 365
1140 0 1068 274 60 1
1141 746 889 2833 1562 20
1146 697 872 646 382 983 600 1
1147 1940 900 386
1144 385 1621 3417 2674 1329 1745 1221 165 1
1789 87 378 278 85
1148 16 505 544
1149 260 2636 1914
2967 289 174 433 228
769 302 816 193 2520 3223 1151 193 329 504
690 97 341 49 314 26
1546 40 335 866 1277 1444 422 547
693 2 475 567 130 132 13
1544 11 777 150 107 10 1
1545 520 275 2690 347 1308 529
696 340 1615 1111 236
1543 99 1125 959 587 38
694 9 27 500 3221 1513
1541 0 143 278 219 703 810
698 262 1631 1991 472 103
699 83 160 957 687 43 89 37 15
1548 384 131 954 1000 571 228
1549 135 1339 586
542 55 2653 1238 437
1780 148 172 2038 1709 39
540 820 1093
541 2 475 473 1802 414
546 11 79 29 1927 3382 1476 1419
547 70 623 184 219 394 1
544 117 908 2395 233 358 57
545 147 96 440 558 641 239
548 246 826 160 106
549 946 1616 554 952 58
1782 0 14 207 671 707 23 8
761 987 1384 709 86 458 778 304
2969 54 92 183 382 91
1982 192 484 904 101
2968 720 1892 416 498
764 126 82 921 406
1787 135 1340 199 3091 2788 634 38
414 305 831 184 433 1434 1359 115
415 598 3049 3058 2971
416 84 1396 1270 233 358 57
417 83 19 558 1031 1003 536
410 0 143 159
1389 702 1925 776 2438 1755 89 37 86 4
412 121 138 563 1228 91
413 631 1537 1540 1571
1384 52 65 7 141 344 1394 2815 191 350 173 621 58
1385 66 362 156 1402 43 8
1386 63 1200 361 2134 1437 737 24
1387 55 795 69 5
1380 306 212 222 48
419 257 1060
1382 64 10 564 189
1383 34 503 370 468 145 71 514 613 29 4
1254 654 532 2822 82 73 57
368 66 362 237 1210 325 39
369 11 438 488 144 593 890 438 26
366 308 2904 348 684 841
367 47 494 208 1971 255 76
364 11 438 488 58
365 459 555 1300 1880 82 283 189
362 126 82 372 36 43 8
363 260 487 224 429 995 240 65 7 12
360 2 352 828 943 1158 536
361 21 53 92 492 156 1137 525 1093
2760 188 694 659 1227 1428 830 124
380 2093 2490 680
381 9 27 538 274 249
382 0 14 104 141 545 69 5
383 1294 422 552 2720 1379 636 28
384 81 221 283 189
385 246 391 448 162 50
386 262 883 1081 378 171 172 203
387 198 2004 1240
388 16 1346 1148 389
389 592 955 764 202
1253 47 749 954 1495 39
2190 100 1435 2195 2742 919 171 172 203
2191 381 1233 2305 3358 1977 1928 363
2192 295 779 1236 758 2068 1843 2057
2193 30 181 935 43 2892 2448 1286 125
2194 248 230 762 429 395 1539 68 3
2195 691 1915 1696 1131
2196 119 670 328 526
2197 592 955 1208 3261 1851 1251 114 12
2198 63 715 403 282 10 1
253 1806 2677 2208 3136 835 415 171 172 203
250 295 285 361 354 25
251 51 158 19 3426 3297 665 328 526
256 195 726 835 670 1344 159
257 123 164 468 1095 333
254 93 497 156 10 1
255 195 804 983 338 360 106
2200 21 388 325 428 479 628 1
2201 1173 1786 829
2202 746 1652 18
2203 17 523 1305 377 768 546 24
2204 135 1729 1544 1107 1213
2205 291 176 182 464
2206 592 2034 125
2207 54 92 238 244 570 394 1
2208 120 1244 94 35
2209 116 1154 2877 24
2428 6 31 67 10 216 885 163
2429 6 31 67 10 413 3025 1045 274 60 170 2371 1807 65 7 12
2420 30 181 593 473 679 852 144 165 216 364 833 3039 1501 125
2421 771 614 285 7 12
2422 2188 2450 622
2423 84 28
2424 2 167 269 41 242 1609 1233 109
2425 0 14 207 261 388 581 1417 1783 125
2426 61 633 1480 387 316
2427 30 154 1680 574 157
1848 0 41 142
168 257 1245 1466 965
169 66 735 1055 1007 38
164 2253 603 1268
165 64 1848 1121 92 1162 1707 681 663 356 912
166 52 355 1482 1496 497 1047 722 76
167 2 549 578 362 26
160 52 271 630 755 2178 603 1268
161 34 913 2067 1978 2778
162 435 379 130 1027 2529
163 84 1132 1479 347 1315
2518 30 264 693 651 3013 2328 670 928 543
2519 1560 2320 3057 341 200 951 1046 15
1980 22 1006 403 1107 1538 995 240 65 7 12
2514 122 1464 1657 337 2351 2771 472 103
2515 457 2978 483 249
2516 2994 1084
2517 2 36 860 511 369 718 125
2510 879 718 465 144 165 1
2511 399 424 169 234
2512 84 383 960 333
2513 251 814 1032 475 473 134 513 276
2734 121 3043 979 1
2735 99 134 104 2226 2965 2212 319 272 77 4
2736 401 1230 29 822 1425 617 215
2737 152 1840 380 353
2730 9 161 213 882 96 3
2731 2258 1422 2452 1607 1175 645 1065 507
2732 70 1521 1956 1805 1216
2733 1193 3354 443
2738 177 144 191 314 1413 300
2739 291 1456 1424 815
1090 342 2001 314 448 162 50
1091 195 811 506 20
1814 2255 3466 729
1815 16 1741 3315 2087 789 35
1816 16 1104 1048 3171 3286 2683 1651
1817 66 734 410 3333 1459 2315 279 104 12
1810 63 1202 1564 483 60 1
1811 192 1563 1016 168
1812 192 1563 1016 479 1014 124
1813 192 484 1328 970
1818 188 817 45 787 236
1819 17 1730 979 1
670 93 763 173 621 1306 368 115
671 166 2982 2790 3170 933 199 465 58
1609 520 240 272 413 461
1608 771 3110 341 201 3031 240 65 7 12
1979 1690 2017 1206 327 321
1978 974 2203 185 95 19 13
1601 83 19 557 194 155 711 96 3
1600 251 2834 1570
1975 17 684 1510 418 204 35
1602 61 1552 2046 130 5
1605 34 773 157
1972 126 82 73 337 1303 2734 832 952 58
1971 17 949 1439 2001 314 26
1970 64 136 72 13
809 55 931 488 58
808 198 706 446 373
803 66 204 969 461
802 17 1099 1226 594 604 821 1101 273
801 0 326 1357 466 458 3063 1058 15
800 17 523 1641 1026 370 18
807 262 883 321
806 2 618 2055 162 904 101
805 260 1040 1106 163
804 6 132 349 1098 945 844 3061 1455
2848 11 112 208 826 20
2849 135 2472 1793
2846 16 214 534 466 4
2847 121 1174 850 581 24
2844 334 1108 2049 980 815
2845 987 2503 734 410 480
2842 47 471 292 202
2843 117 2440 1912 547
2840 312 3305 1885 281 138 1
2841 21 56 231 695 1219 666 865 118 48
909 123 287 1124 813 205 394 1
1775 305 831 3374 1349 96 3
1774 180 800 1606 1919 4
1777 51 1683 2227 1893 419 452 277 75
1776 376 676 290 343 26
1771 1371 18
1770 100 451 449 10 216 492 448 162 50
1773 405 1012 555 576 39
1772 405 1012 555 576 322 539 111
1779 289 751 2705 1912 547
1778 2692 2407
2998 2 619 1459 892 36 1989 309
1159 66 204 534 466 4
1158 127 267 45 375 1596 1536 38
2999 120 354 3338 3202 811 505 544
1155 80 1185 178 60 216 885 163
1154 405 1287 834 3248 3198 206
1157 34 186 441 20
1156 247 105 442 1197 44 46
1151 425 576 39
1150 198 265 374 752 113
1153 334 1109 646 254 2414 3197 484 904 101
1152 521 178 249
59 390 834 389
58 16 250 149 85
1551 70 130 1567 1286 125
1550 2092 2631 3482
1553 22 454 205 301 42 3151 2086 65 32
1552 9 27 538 985 944 409 957 1146 1539 884 559 701
1555 166 634 2366 2528 309
1554 482 1819 1517 456
1557 117 583 667 142
1556 180 191 94 35
55 248 230 902 27 939 3463 255 76
2991 22 258 77 822 1425 617 215
2992 2 49 351 696 365
56 177 144 165 216 364 747 637
2994 482 1823 397 388 325 39
2995 2992 2849 1835
53 180 191 350 28
52 151 45 515 234
537 47 471 695 2063 471 818 239
536 151 743 1408 2215 1287 1179 442 477 32
535 83 330 498
534 175 1646 959 210
533 978 570 607 32
532 108 357 45 330 766 826 20
531 108 1592 1176 1541 386
1558 691 2969 829
57 295 285 361 270 216 740 28
539 11 79 29 296 579 853 2375 797
538 87 378 1694 1881
1976 120 1243 1194 687 44 791 789 29 4
51 108 485 939 864 235
50 6 31 67 1137 1870 3108
2805 80 455 44 675 430 15
2996 540 33
2997 195 594 604 821 1101 273
429 401 636 445 394 77 4
428 123 287 678 311 129 320 12
1399 64 136 416 431 730 44 442 389
1398 70 266 317 675 323 307 716 4
1397 148 1817 3217 2717 950 3183 441 208 541
420 248 230 761 462 72 349 2457 984
1395 978 184 433 74 1027 3368 1793
1394 146 400 2596 1776 331 1958 516
425 0 14 104 217 128 698 914 1009 125
1392 70 266 317 284 707 317 284 2009 2483 1703 637
1391 148 553 1023 1224 1
426 1988 3384
530 248 230 1325 1377 796 31 12
1420 302 1902 333
851 501 727 713 913 856
853 121 1174 403 1210 581 24
2183 61 723 1503 973 507
2182 1665 2295 992 491 696 186 441 20
2181 195 811 250 149 434 937 321
2180 223 476 1251 114 78 581 211 33
2187 122 537 2865 1661 134 513 367 812 37 15
2186 166 1920 3344 1217 95 19 13
2185 6 1569 1335 95 19 13
2184 108 357 45 19 3434 1430
227 11 79 90 263 432 5
226 175 1057 366 479 1015 25
225 1053 2722 1648 189
224 340 1045 414
223 3409 2383 2479
222 1097 1672 958 297 210
221 175 1280 603 2867 109
220 100 1438 2480 377 1330 1352 142
2213 40 2770 1493 281 462 72 13
2212 17 684 551 1781 316
2211 0 2065 3480
2210 2 550 986 809 275 1134 273
2217 697 728
2216 253 185 362 156 209
2215 51 158 19 349 503 759 505 544
2214 2 352 988 2161 526
2219 1097 893 1038 348 210
2218 1117 3262 2695 649 478 2932 113
151 246 1477 380 353
150 1975 1278 2256 981
153 61 1552 2600
2438 62 789 818 183 287 678 495
155 175 1280 1189
154 61 1551 1060
157 139 421
156 1996 2547 648
2433 140 597 428 479 628 77 4
2432 467 2567 964 1105
2431 6 31 67 136 417 671 1497 528 421
2430 147 323 199 465 144 191 131 150 8
2437 251 814 358 263 907 528 421
2436 22 968 753 273
2435 21 53 542 279 674 234
2434 2 1509 1021 562 840 82 921 406
2509 398 3334 1948 643
2508 119 1035 673 221 15
2507 312 1010 20
2506 257 641 1636 566 1944 1446
2505 62 652 19 558 641 239
2504 3442 2126 1881
2503 435 1801 933 129 320 12
2502 93 324 90 263 582 363
2501 1997 1656
2500 3147 3029
2727 306 1907 1065 112 20
2726 1082 1286 1967 128 294 24
2725 80 703 525 656 1262 2100
2724 385 237 1756 37 672 1079 870 124
2723 625 2162 481 209
2722 22 1006 25
2721 0 14 207 611 258 315 1827 1561 218 145 71 513 895 23 8
2720 81 781 650 130 407 236
2729 654 2901 2308 1587 643
2728 97 98 491 1625 1917 1034 26
1807 84 807 849 206
1806 381 1026 428 168
1805 99 679 717 37 86 213 23 8
1804 2 200 525 656 23 53 92 1164 35
1803 16 250 173 2032 128 458 59
1802 1273 3129 3306
1801 0 14 3
1800 11 1749 1239 764 201 496 32
1809 11 79 292 202
1808 1333 2040
1256 1640 3257 2628 2150 2012
1948 16 214 695 1219 2475 3
1949 99 134 673 2539 603 1627 59
1257 64 1401 496 32
1942 1799 2693 1637
1943 9 161 176 31 141 706 446 373
1940 122 537 3376 1716 1457 682 107 288 423
1941 64 1846 999 2145
1946 135 665 328 526
1947 151 491 696 186 1113 26
1944 744 920 3020 3180 154 102 90 57
1945 97 341 201 496 32
818 152 1840 379 623 571 228
0 133 647 74 561 576 39
1255 97 392 500 129 243 3435 1496 497 26
810 152 2748 150 8
811 195 726 181 1815 615 1450 437
812 88 2173 1335 204 969 461
813 1689 3187 3034
814 62 652 19 349 186 113
815 66 735 1140 664 783 492 1049 37 86 4
816 188 694 769 1399 2609 1672 74 1220 411
817 152 1039 574 157
2859 9 110 1508 1818 1159 23 89 37 86 4
2858 1719 1673 3414
1250 97 392 500 129 243 13
1990 771 3106 2772 341 36 44 46
2851 83 374 367 290 303
2850 1316 2886 1797 572 115
2853 63 715 630 58
1251 1170 449 288 423
2855 17 948 560 1126 495
2854 460 2798 2699 2248 1532 38
2857 61 1454 2533 3331 307 904 101
2856 177 478 602 1657 263 33
1490 17 684 841
1491 625 412 159
1492 1053 1829 1904 2071 2104 20
1992 0 326 672 101
1494 308 3044 3038 1571
1495 501 727 1513
1496 3019 338 360 106
1497 405 1287 1112 1495 39
1498 308 1468 292 548 32
1627 127 1076
423 126 1699 278 434 553 268
1994 2 167 3238 1198 1183 648
1700 312 1735 115
1701 34 773 750 167 42 396 37 86 4
1702 140 387 23 56 303
1703 246 391 218 145 71 514 612 1836 2524 258 315 801 597 39
1704 121 700 560 443
1705 771 614 790
1706 6 31 67 10 564 1780 355 299 186 1772 29 4
1707 198 265 2577 3199
1708 2 167 551 539 1731 637
1393 177 144 593 240 353
1996 192 1009 3092 1756 68 3
424 121 3041 1236 1080 657
427 3146 2800 1084
1390 140 387 950 546 24
1128 0 14 104 12
1129 139 1041 489 309
1120 384 1072 3105 728
1121 81 510 3
1122 390 3046 3280 2273
1123 81 221 73 337 144 191 131 150 8
1124 305 831 651 3014 1535 690 686
1125 2 619 1436 1924 965
1126 9 161 1077 1379 3444 382 91
1127 227 1000 1663 2101 1405 856
2989 459 891 689 41 241 1426 134 3
2988 6 132 635 339 1018
2983 223 476 1601 954 232
2982 64 136 416 431 870 124
2981 342 2000 2051
2980 166 2076 524
2987 40 335 866 1642 508 932 443
2986 6 562 708 420 561 367 24
2985 247 105 930 1139 206
2984 22 968 756 190 35
524 520 890 588 244 109
525 0 14 674 1209 98 492 448 2626 437
526 0 41 241 953 554 24
527 17 1865 299 503 39
520 2443 2221 2995
1019 88 733 2042 1923 163
522 376 539 111
523 100 74 1220 411
1014 100 1438 111
1015 147 1352 142
1016 93 497 26
1017 1142 1
528 146 29 1593 1883 1364 514 541
1011 16 1741 1532 2364 3094 2801
1012 16 1104 156 1137 951 1046 86 4
1013 83 114 78 432 407 1584 1236 1080 185 486 150 8
1234 227 2022 1043 623 1581 204 35
1235 0 14 207 611 1444 422 547
1236 2 475 890 588 69 5
1237 3215 2591
1230 116 1440 1868 358 57
1231 120 2135 2818 2325 301 42 18
1232 457 1161 383 2898 570 1994 1570
1233 1272 2393 1812 1149 42 18
1238 6 132 557 523 1644 462 72 13
1239 2878 1957 1605 959 210
438 175 1056 589 766 541
439 291 296 39
436 21 107 1849 178 249
437 63 233 1033 2474 2879 3437 832 2824 1301
434 47 568 173 3239 2326 1257 38
435 16 572 379 623 184 85
432 435 1385 1088 485 769 586
433 308 2911 103
430 61 723 1503 115
431 70 3102 971 480
473 974 2124 3379 1001 26
559 83 208 612 1241 1969 682 8
2481 64 10 359 992 183 443
2865 11 79 400 1314 628 1
2868 6 182 261 56 344 28
554 312 1010 787 236
1960 6 182 1178 281 463 42 396 37 15
1961 0 143 278 219 301 42 396 37 15
2464 946 2739 2413 1152
2465 22 605 314 237 1107 1213
997 312 1010 788 1063 731 29 4
996 248 230 762 580 336 39
238 120 2137 2017 1206 769 2764 804 91
239 116 1440 3386 1196 976 125
234 40 335 2107 1812 1149 42 18
235 398 1014 2791 2380 212 222 48
236 425 2334 2272
237 334 2546 3009 456
230 100 1896 2504 357 1164 29 4
231 148 1127 888 1104 26
232 11 1748 544
233 16 1104 1048 344 1393 172 203
993 17 948 94 35
2228 11 669 254 168
2229 30 997 1059 213 23 89 883 758 854
2226 62 653 149 433 228
2227 22 605 94 35
2224 6 182 1178 281 463 42 18
2225 340 1259 2384 1195
2222 177 1269 925 1208 3256 825 472 103
2223 81 1759 1103 3
2220 93 324 534 992 45 114 12
2221 126 82 372 200 951 1866
1 21 1432 1785 713 365
146 108 485 659 2089 1398
147 51 158 19 1559 1216
144 108 642 176 169 234
145 0 14 784 708 2198 1831 2851 50
142 21 53 616 1176 346 819 162 50
143 133 647 336 428 168
140 61 1551 640 535 1359 2675 3367 3135 792 5
141 2377 3068 680
2468 83 114 78 33
148 30 181 593 567 624 39
149 70 3276 736 353
2088 81 221 73 1441 68 3
2089 0 14 784 2084 1738 336 370 18
2082 137 627 2062 366 168
2083 62 1361 518 224 657
2080 116 692 1470 185 877 69 5
2081 6 182 261 56 265 160 106
2086 6 562 2084 1737 1214 1429 360 106
2087 457 1161 445 393
2084 175 2265 3047 2460 3241 12
2085 197 2507 580 451 24
2538 1142 359 990 1331 15
2539 9 27 280 889 687 44 46
2532 88 7 78 1712 157
2533 99 591 73 1441 68 3
2530 1406 629 303
2531 334 1762 936 667 650 130 169 774 780 68 3
2536 2 36 860 511 1317 1229
2537 9 27 908 2392 2545 995 423
2534 298 854
2535 3006 901 1088 874 549 174 922 732
2712 175 1056 514 612 805 75
2713 9 926 238 2322 316
2710 2 36 43 56 265 374 276
2711 54 92 491 348 210
2716 70 130 407 270 1
2717 1273 1992 1388
2714 6 31 67 136 7 12
2715 81 781 650 130 5
2718 47 568 149 434 799 851
2719 116 962 2005 814 1248 3345 273
1832 54 153 49 131 1147 225 50
1833 0 311 307 1524 57
1830 88 733 2481 786 5
1831 137 626 165 77 1456 1424 815
1836 253 429 179 1024
1837 482 1824 1418 220 1036 2337 109
1834 248 230 761 700 350 28
1835 0 41 241 1426 134 3
1838 9 27 908 1086 1061 26
1839 879 2048 3348 775
2154 1295 1882 2199
2155 2870 970
2404 70 130 1234 431 730 860 1705 1017 265 20
938 227 1192 5
2150 1692 13
2151 691 1455
2400 0 14 104 217 92 183 164 18
2401 70 1521 3060 2889 884 559 701
933 52 355 1985 1565 777 150 8
932 257 1245 1466 2917 786 562 840 1321
931 52 355 1984 1535 74 407 1587 2348 1700 1505
930 1693 2601 1761
2158 1718 1963 476 1034 26
936 117 583 1342
935 1053 2735
934 1487 1724 3416 1914
471 16 214 606 2553 1349 96 3
1955 80 179 351 235
1954 11 438 237 282 10 1
1957 11 777 105 791 516
1956 93 763 1132 2266 378 159
1951 34 913 2067 603 1627 59
1950 425 367 2827 542 585 1518 285 32
1953 55 190 90 263 325 1320 573 437
1952 40 1403 2985 3222 2119 50
2673 1142 77 296 428 1526 1530 96 3
1959 247 105 442 1197 44 675 430 15
1958 30 982 1282 834 1006 403 512
569 16 214 967 711 96 3
829 151 238 69 3462 1847 3178 268
828 17 196 417 671 546 211 33
825 911 574 157
824 126 82 283 590 438 26
827 188 2937 2812 682 56 344 28
826 9 110 36 44 930 225 50
821 702 1163 1064
820 166 2073 3324 1643 546 24
823 1481 2960 1894
822 133 418 486 105 2607 1809 583 667 142
1536 122 3026 2194 134 104 649 58
1483 80 703 1145 2981 382 91
1482 80 3138 2899 688
1481 1170 290 836 163
1480 1941 785 28
1487 188 453 49 314 218 145 71 3
1486 9 161 822 857 15
1485 66 95 19 13
1484 0 14 104 141 3176 379 130 5
1489 81 782 414
1488 2 1508 2037 1078 566 1171 571 451 24
1713 246 1478 1491 797
2411 253 185 486 1408 881 507
795 1069 297 196 7 78 907 528 421
794 126 898 307 50
1717 139 1041 490 811 250 28
1716 40 2769 2753 1089 330 431 236
791 745 199 2615 2016 56 265 19 13
1714 148 798 440 861 1056 3
1719 978 184 1135 1211 397 53 300
1718 6 31 67 10 1032 36 43 8
2413 654 532 2823 1737 3326 2659
799 66 95 19 3427 2228 98 1052 3190
798 93 763 173 474
1270 1461 3375 2088 1711
2412 52 639 493 1088 357 45 20
1271 2 49 351 235
2415 401 1230 29 499 1157 850 33
1272 6 182 261 53 300
2414 592 2858 1696 1131
1139 459 555 1302 903 547
1138 146 90 263 658 23 8
2417 298 1221 800 2530 1550 3357 1278 2267
1133 1117 1198 1183 648
1132 123 1810 1901
1131 1173 162 904 1079 270 1
1130 660 483 249
1137 839 802 129 1070 234
1136 457 1922 380 353
1135 401 862 20
1275 1976 1249 270 155 712 310 601 111
2419 123 287 1123 1462 2432 569 437
1276 198 303
2418 6 31 217 92 183 444 813 174 1135 2050 668 204 35
476 40 1852 1391 24
1277 2053 3383 524
2790 62 653 445 393
2063 262 884 268
2064 1409 3392 1750
2065 312 2612 1412 2950 1888 594 604 821 1101 273
519 47 599 254 168
518 2 167 269 1292 1516 1297 367 24
926 51 158 19 13
1009 390 1493 2508 2959 365
1008 2379 2761 1642 1752
1007 147 511 369 718 125
510 2 1507 422 552 2718 157
1005 9 110 36 1022 258 315 1130
927 0 326 672 1079 270 1
1003 87 1376 3438 2146 194 1
1002 1611 1970 3404 758 721 693 109
1001 390 1493 1752
1000 1891 3149 1894
623 262 884 559 701
1226 0 311 129 320 67 10 216 183 164 18
621 51 102 90 3115 2882 82 222 48
620 88 72 13
627 70 623 570 393
1222 332 1942 873
625 70 623 570 179 1072 163
1220 17 809 473 134 207 261 53 300
629 61 1020 1388
628 262 2869 1017 344 28
1229 119 509 86 1593 1883 1364 104 12
1228 137 626 1816 824 25
2882 63 233 1033 2784 1143 830 124
2883 9 926 1638 103
2880 2 352 988 412 369 718 125
2881 47 599 1126 14 3
2886 139 420 1569 1335 95 19 13
2887 1987 2586 775
2884 51 102 534 990 371 426 75
2885 3193 2998 2671 1000 1581 95 114 78 33
2888 6 2103 3410 1822 716 4
2889 63 1200 32
2 381 1233 1291 799 851
1561 0 853 1312 637
11 3035 2158
10 16 505 833 463 551 676 290 706 566 575 5
13 1117 1198 1183 1042 937 758 632 1037 1329 1745 347 368 379 1521 59
12 175 1280 1978 3279 2549 1726 3476 1947 322 792 5
15 108 874 49 131 150 8
14 123 443
17 521 989 636 807 1505
16 16 506 160 957 814 1
19 295 285 361 236
18 654 532 527 1177 42 18
2382 11 777 105 791 1666 163
928 1936 3290 1354
929 1487 2464 2527 1152
2742 197 915 1119 207 610 430 15
201 2014 1649 94 35
200 1857 794 193 329 504
203 123 164 18
202 522 43 56 706 446 1355 961 489 309
205 62 1361 2670 3405 3011 516
204 0 14 674 1209 341 36 44 46
207 2 842 2843 2034 125
206 384 94 1008 101
209 87 1377 796 31 12
208 126 2066 888 250 28
1573 84 805 1169 196 32
1572 340 2751 2027 1418 1775 2646 113
1571 97 98 183 444 386
2239 1806 2999 3275
2238 148 1813 2396 3350 975
686 302 533
998 126 3391 928 543
2231 1610 434 1199 2810 2461
2230 879 2048 3349 91
2233 51 102 1203 371 426 75
2232 117 769 742 389
2235 247 845 626 165 1
2234 384 131 150 2891 3413 112 20
2237 108 874 49 1528 1238 229 474
2236 117 371 1087 95 19 13
683 87 2688 3053 423
1574 332 977 397 89 1631 993 913 856
229 246 391 218 145 71 3
228 1487 1724 3429
2095 151 45 160 956 76
2094 152 1837 293 189
2097 40 1852 1803 322 1180 59
2096 257 640 1077 286 249
2091 2 49 350 383 451 211 33
2090 126 2066 1285 977 215
2093 139 2196 2501 233 1
2092 116 692 1470 760 710 586
2099 6 31 67 940 174 219 301 42 819 1370
2098 289 277 1169 194 1
2525 64 288 275 224 657
2524 81 782 1255 1232
2527 2053 1868 1250 1842 1189
2526 17 587 1668 1479 347 2361 1365
2521 334 1108 2049 980 2605 2857 68 3
2520 83 114 78 145 2070 748 76
2523 398 1013 7 12
2522 376 792 409 531 792 1234 766 391 218 33
2529 501 727 713 1723 338 360 106
2528 175 1645 159
2709 447 615 1917 731 118 3152 1458
2708 61 1551 640 535 441 20
2705 376 1968 1289 3244 2666 1391 24
2704 11 112 330 498
2707 47 1061 1047 722 181 519 277 75
2706 84 383 336 39
2701 52 271 25
2700 66 2180 3182 2746 1734 2357 403 512
2703 119 917 481 940 38
2702 302 693 2169 2035 68 3
1829 9 27 769 742 714 1196 976 1966 37 15
1828 501 727 713 661 812 37 15
1825 295 285 361 1654 989 1232
1824 598 1725 1064
1827 22 714 1196 699 50
1826 119 645 319 871 578 95 19 13
1821 126 82 439 226
1820 384 131 150 8
1823 139 420 132 1559 1212 830 124
1822 51 102 695 1219 664 15
2147 9 27 538 985 944 409 106
2146 34 1722 1446
2145 51 1683 1047 722 76
2144 2317 111
2143 2304 803
2142 123 444 386
2141 1897 2233
2140 66 95 20
920 2 550 3112 3205 164 18
921 9 161 176 31 12
922 565 1309 1779 145 71 3
923 133 1042 710 742 389
924 305 704 132 861 887 268
925 974 869 761 138 1
2149 62 516
2148 22 605 131 1427 96 3
1920 262 1626 603 1628 5
1921 127 267 885 3104 2078 65 7 12
1922 99 134 513 1302 903 547
1923 0 906 1844 881 112 20
1924 342 2002 245 336 39
1925 100 1151 193 329 2465 2016 89 68 3
1926 1582 2686 213 489 3318 3477 826 20
1927 148 709 372 201 496 32
1928 1599 1257 174 219 394 1
1929 11 79 29 535 113
475 2372 2118
832 99 679 717 37 15
833 306 212 439 226
830 289 205 301 42 996 300
831 11 1106 1798 2314 354 25
836 385 1049 1267 142
837 88 361 270 413 1122 1093
834 11 79 695 3361 373
835 51 757 230 1703 637
838 54 92 45 331 1959 2394 82 283 189
839 11 1106 1979 1709 39
3 54 128 535 785 28
1986 62 1774 105 2516 881 112 20
1532 0 14 104 78 432 1567 1067
784 2 167 1510 418 1254 115
785 390 1758 2183 1598
786 246 391 448 162 1522 239
787 1313 2977 406
780 2909 3184 2846
781 0 14 104 217 542 371 159
1728 80 1185 178 436 38
783 192 484 764 49 1528 1240
1726 390 3052 825 304
1727 40 1139 1721 530 272 1
1724 2 49 1564 2072
1725 0 143 278 219 179 1072 1981 1332
1722 1372 1867 2700 201 608
1723 312 1735 380 353
1720 34 1098 286 60 155 622
1721 55 517 787 1242 38
252 260 1258 1886 1012 1708 919 171 172 203
2439 135 665 1103 104 739 68 3
60 61 1020 1387 661 24
61 0 14 924 556 220 7 12
62 54 153 49 314 1621 2086 65 7 12
63 305 1488 297 210
64 123 287 1124 2838 753 273
3000 17 1410 719 596 42 18
3003 2019 3371
3002 30 181 2733 1407 2275 416 498
68 0 41 241 1886 1012 555 367 211 33
69 17 523 1644 462 72 13
407 30 154 102 606 1354
1588 660 483 436 174 922 204 35
1589 398 3332 2755 952 58
406 117 279 589 905 276
1582 121 700 2094 729
1583 291 296 899 154 102 118 48
1580 0 311 199 1475 162 50
1581 62 789 818 1162 1092
1586 502 1854 1277 477 360 106
405 720 1687 359 466 4
1584 1275 2386 1349 96 3
1585 116 962 3175 977 215
159 54 128 2168 3246 681 663 356 1842 603 1268
1038 151 45 515 662 1367 1
1039 80 179 94 1008 101
508 139 880 570 393
509 0 41 242 224 185 877 69 31 12
1032 97 392 659 559 701
1033 6 182 261 53 616 1176 346 18
504 121 138 564 927 554 24
505 2 548 361 638 536
1036 34 773 750 167 42 18
503 248 230 762 580 228
1034 246 391 448 162 764 548 361 354 25
501 746 1647 1123 1942 873
1212 376 676 449 209
1213 0 906 584 8
632 34 187 23 53 128 296 370 18
1211 0 14 104 217 92 183 164 396 37 15
1216 262 2243 1344 159
1217 11 79 967 712 402 577 28
636 63 1520 3114 356 280 366 168
637 295 779 1235 171 172 203
638 40 225 1710 2940 677 322 91
639 188 453 550 299 661 24
1218 70 624 1319 694 585 318 98 1453 2072
1219 83 374 1675 363
2416 405 569 229 620 2429 3062 1245 1466 965
2899 62 653 173 3242 3312 1728 1189
782 1864 2974 2829 3267 2732
2895 127 267 45 160 531 1781 490 867 495
2894 120 730 44 46
2897 47 599 254 3296 3162 2058 118 48
2896 47 471 400 2785 1386 112 20
2891 88 733 1527 872 95 19 13
2890 435 379 624 428 168
2893 47 2281 410 628 1
2892 30 997 1059 213 23 388 432 5
1454 0 41 242 808 517 374 276
1107 744 920 1943 1921 20
1456 40 335 866 1643 470 3065 186 1772 29 4
1105 34 773 750 167 42 396 37 15
1102 401 636 445 607 7 78 432 5
1451 88 3195 1623 158 160 106
1100 253 185 95 114 141 343 26
1101 51 158 330 766 1974 1092
1458 148 1814 2104 20
1459 1294 422 552 1391 211 33
1108 30 154 102 90 57
1109 70 266 317 284 838 71 3
788 47 2279 103
789 17 587 1684 3243 303
1577 30 181 165 1600 1411 1952
1576 3363 2420
2136 251 386
958 253 657
216 246 391 218 145 71 1770 2112 1488 59
217 771 614 285 360 106
214 9 110 352 178 220 7 12
215 61 1020 1387 503 370 18
212 660 1412 2826 244 109
213 123 287 1124 687 44 46
210 260 487 1128 27 538 414
211 223 476 644 383 451 211 33
1530 81 510 1769 3188 27 767 1548 737 24
218 121 138 155 1514 707 23 8
219 0 41 242 808 190 29 213 882 96 3
957 2378 2241
2139 399 2343 1291 2704 319 271 25
462 262 68 513 276
4 22 1444 422 843 1429 7 78 33
2550 305 832 846 512
2551 97 341 200 951 1046 86 4
2552 192 484 3292 226
2553 127 1073 499 2929 1985 1565 112 20
2554 11 669 444 386
2555 117 770 852 144 800 1348 1872 233 413 461
2556 312 1010 787 354 25
2557 192 3452 776 219 395 850 432 5
2558 312 1010 788 1063 731 35
2559 1693 2595 1755 8
2396 521 178 60 413 3023 872 1038 235
2397 61 633 1480 387 882 430 15
2394 253 1700 849 901 765
2395 62 653 173 474
2392 100 336 39
2393 1804 3163 2573 2647 1879 1343
2390 1691 2521
2391 146 259 313 264 1443 449 596 42 18
3001 2014 2353 174 434 553 2089 2759 89 68 3
2398 97 341 200 810
65 9 926 183 164 468 325 39
2778 84 1132 1479 347 1078 1055 715 25
2779 295 285 361 270 77 296 39
66 11 588 69 182 261 53 153 49 725 115
2770 195 726 997 3169 45 375 411
2771 140 2365 2953 1634 37 15
2772 137 626 191 94 35
67 52 355 299 503 39
2774 61 633 2082 1926 888 1184 382 91
2775 16 214 292 200 525 1764 333
2776 22 1519 979 1
2777 61 723 3210 1489 273
667 147 1352 319 272 315 801 1011 184 85
2803 52 1588 131 1147 225 764 475 240 65 32
1858 345 220 72 861 1058 15
1859 345 220 72 558 1060
1850 120 638 1165 2756 2840 395 403 512
1851 120 2133 794 193 2519 2471 664 2552 1957 670 928 543
1852 81 221 73 337 144 165 170 101
1853 1690 3203 2056 647 958 59
1854 166 858 43 107 10 170 101
1855 2 36 1022 258 315 1130
1856 147 430 73 57
1857 11 669 2701 2804 232
2172 40 335 866 1276 56 265 114 78 33
2173 51 102 3252 1129 910 43 8
2170 21 89 1051 366 168
2171 11 79 29 176 5
919 886 1255 1230 29 535 441 20
2177 2252 2808 682 107 10 1
2174 223 476 2499 1175 2512 203
2175 52 272 563 1231 450 875 613 29 535 113
915 61 633 1480 387 882 430 86 4
914 1054 923 689 143 171 172 203
2178 188 817 743 105 675 2400 584 53 153 49 1024
2179 820 2405 1392 1913
911 62 789 259 3447 41 1065 507
910 308 3064 1999 377 768 232
913 1692 724 304
912 6 2103 3407 1149 42 18
2604 151 740 445 2951 794 193 1105
2605 2 3231 3319 1201 3234 1797 775
2606 2874 2496 3352 20
2607 62 1362 1853 642 176 408 541
2600 197 508 932 444 2832 1511 817 1052 837 688
2601 0 41 319 271 25
2602 151 183 255 181 519 38
2603 399 1617 1789 226
2608 137 402 158 787 236
2609 16 250 1834 1229
1933 117 909 543
1932 117 1448 3037
1931 34 186 441 208 541
1930 9 161 499 1157 1539 1635
1937 100 960 286 60 564 793 591 15
1936 122 537 1545 481 596 1005 1187 1574 919 171 172 203
1935 122 537 1546 171 172 203
1934 47 568 1394 1869 509 672 101
1939 135 1340 2023 1742 1185 989 1230 118 48
1938 66 734 410 1632 828 943 1158 536
458 332 1462 206
847 34 187 490 867 1068 414
846 1054 1768 1847 666 865 118 48
845 247 150 53 542 279 514 2988 1029 125
844 540 582 736 353
843 197 508 190 292 202
842 460 317 46
841 289 578 486 150 8
840 62 1115 448 162 1945 2996 472 103
1426 17 684 551 1180 59
849 177 478 966 169 234
848 40 225 2041 1382 161 213 316
459 117 279 3
663 63 1520 1982 1431 82 222 48
1587 631 3322
1739 192 2096 980 527 469 1
1738 334 1109 1038 348 210
1731 70 3278 2725 98 492 26
1730 88 1253 1555 1141 1288 279 3
1733 54 92 45 331 1178 915 252 73 57
1732 122 1464 1290 48
1735 119 509 1766 1515 3271 1533 599 254 168
1734 302 2934 971 480
1737 117 371 278 219 394 1
1736 291 458 297 210
732 16 250 383 690 1880 82 672 2369 752 113
796 227 1191 938 1297 1300 528 677 39
753 1172 1019 685 677 39
752 247 105 284 707 23 8
751 175 1279 319 1589 43 8
750 342 1347 986 194 1
757 248 230 902 27 327 1298 161 4
756 6 31 67 10 77 822 857 15
755 40 335 3474 3479 41 241 953 554 846 282 209
754 457 2980 2505
759 2 842 1304 110 36 3430
758 119 918 617 215
1595 54 616 2482 1206 912
1594 135 1341 543
1597 152 595 382 1474 109
1596 166 2076 3113 1594 730 1558 825 472 103
2958 22 477 32
2959 772 837 2853 10 170 1310 1759 1103 3
1593 11 112 1114 221 15
1592 2092 1326
2954 62 2579 103
2955 51 577 1395 1195
2956 6 182 671 707 23 8
2957 122 575 169 2042 1922 973 112 20
1599 251 1421 423
2951 16 1346 529
2952 345 220 361 1586 2685 2202 113
2953 97 98 1162 1323 368 115
1025 54 128 821 111
1024 139 419 452 277 75
1027 21 1432 1785 1890 196 7 12
1026 64 1136 560 255 76
1021 137 402 102 292 202
1020 260 1040 1106 1979 786 5
1023 80 455 44 675 96 3
1022 64 1136 560 255 181 165 1
502 100 336 900 450 417 464
1029 9 27 1096 1661 679 851
1028 401 636 807 1505
1037 197 281 463 551 3087 686
500 34 1098 945 387 316
1035 6 31 67 10 1248 1382 110 618 25
605 21 53 153 201 824 25
630 257 641 238 69 408 1181 163
607 17 1099 404 1191 938 1074
606 135 1339 584 89 68 3
601 195 2115 450 1036 576 39
1208 1406 630 2417 1574 2537 318 98 364 705 721 533
603 0 14 589 431 1243 42 468 325 1320 976 125
631 47 749 954 1192 5
1205 30 264 693 651 75
1204 64 10 359 466 4
1207 146 259 313 181 1389 1235 171 172 203
1206 146 259 313 181 1389 1235 171 172 2038 656 23 8
609 501 868 2924 2456 397 8
1210 399 424 182 611 1445 124
1203 2 842 1305 377 768 546 812 37 86 4
1202 2447 3314 643
633 40 225 1710 2939 595 443
634 21 53 153 49 725 115
635 457 1923 614 790
1214 332 699 1522 492 26
1215 188 1901
1447 63 3265 2037 3269 855 1405 857 15
1110 520 275 224 760 1199 1366
1445 1237 1168 1222 559 701
1112 66 204 969 1075 929 43 8
1115 592 1887 3461
1442 253 185 878 103
1117 459 320 78 581 1871 1213
1116 93 2404 443
1119 0 14 589 498
1118 93 497 1047 722 76
1351 291 176 5
1449 54 92 45 331 2531 1616 554 24
1448 22 2946 2915 3420 644 28
1350 1799 2684
1357 84 383 1150 338 32
460 17 948 1024
463 256 1504 374 2340 452 38
489 9 110 36 404 470 59
488 9 27 2437 3126 1149 42 18
487 2 167 1194 1876 1791 333
486 9 27 770 481 596 42 18
485 88 1253 1555 1141 1288 279 2193 1807 65 7 12
1354 139 420 408 612 28
483 192 3453 1517 1260 1116 25
482 70 623 184 433 1937 71 3
481 332 976 125
480 1859 756 797
695 55 1380 150 8
1564 133 738 394 1033 226
2898 88 1252 840 82 921 406
199 625 412 369 849 206
198 6 31 217 542 909 991 339 346 18
2066 88 875 3097 446 373
195 22 258 315 801 597 39
194 52 65 7 141 344 28
197 467 1500 1318 112 20
196 61 1552 2046 130 561 895 23 53 300
191 11 79 259 313 76
190 522 43 388 582 363
193 502 1653 863 215
192 40 335 866 1276 56 265 160 106
2543 1371 3148 1138 643
1106 120 638 1165 2219 1809 583 667 142
2541 99 1125 959 194 170 101
2540 3396 284 232
2547 83 114 78 325 759 506 160 106
2546 6 1025 556 910 43 388 2431 803
2545 654 532 685 677 759 1184 382 91
1455 121 138 564 927 266 317 46
2549 1639 2439 402 2367 868 964 2522 2881 730 44 284 232
2548 631 1782 2811 3150
1104 52 1589 44 791 1666 163
2381 17 196 7 78 658 23 53 128 4
2380 30 264 602 1288 327 1298 926 183 164 18
2383 1082 2285 1208 622
1457 1373 2919 1557
2385 298 347 102 293 590 669 382 91
2384 565 1309 1833 1267 319 271 1121 128 4
2387 345 1717 719 10 77 176 408 613 29 4
2386 87 2640 993 186 1113 1413 128 4
2389 80 607 875 1974 1323 158 20
2388 84 1395 3224 1076
1103 80 395 630 58
2769 598 1727 1890 210
2768 2799 1911
1452 47 494 375 411
2763 63 3419 2220 668 1607 1092
2762 691 1916 3378 1715 2099
2761 467 2569 1572 233 358 57
421 123 254 2418 1168 1222 1227 1428 994 827 456
2767 93 763 173 1512 10 1
2766 405 569 776 433 74 5
2765 1599 2190 2989 480
2764 119 1751 2467 359 970
902 17 1100 178 436 751 1826
903 1610 2762 1307
900 345 60 155 1514 838 71 3
901 298 347 102 293 590 669 444 2836 1501 125
906 151 1164 29 294 290 265 20
907 2382 3418
904 302 816 193 2517 3421 1090 103
905 87 1378
1843 289 205 301 42 18
1842 345 1717 719 10 216 45 20
1841 17 1100 178 436 751 937 2949 2463 65 7 12
1840 2 618 629 231 118 48
1847 2445 3233 159
1846 117 280 748 76
1845 0 14 514 1971 164 18
1844 6 132 349 186 441 20
2169 22 1519 609 524
2168 51 1078 566 1463 290 343 26
2165 0 41 319 353
2164 116 692 1471 517 331 464
2167 137 626 519 174 2085 2566 1041 489 309
2166 332 573 229 620 1095 333
2161 260 487 808 932 164 18
2160 1718 1963 476 2171 1811 573 229 2033 162 50
2163 6 132 635 1566 397 53 128 4
2162 522 43 1432 1375 731 29 176 5
2617 435 379 266 23 56 2007 235
2616 381 3458 71 1111 1281 979 1
2615 180 165 77 294 290 836 163
2614 911 1671 363
2613 702 2987 3128 1681 2374 813 38
2612 166 2077 2645 157
2611 137 626 2030 2055 1784 1016 479 1015 25
2610 223 552 1830 407 1585 1533 1655 868 965
2619 390 1112 1192 562 840 1321
2618 2 352 988 412 2387 474
1908 63 1202 1528 1029 1473 33
1909 2 36 404 470 59
1906 81 782 274 2795 493 765
1907 502 1653 3451 243 13
1904 61 1225 2269 1309 273
1905 435 380 65 72 13
1902 135 2473 426 75
1903 1170 290 344 28
1900 30 154 102 90 1156 10 1
1901 17 587 205 395 25
854 6 31 67 10 170 101
855 121 138 155 711 96 3
856 188 453 1003 536
857 192 863 1112 232
850 100 961 23 107 136 32
422 2 167 269 1292 1516 1074
852 21 56 343 218 145 71 3
819 425 2339 193 329 504
858 192 3450 2715 651 75
859 100 960 286 249
6 120 1584 3478 864 1454 1757 1824 2839
2463 148 1127 888 250 1394 1869 1037 584 8
740 16 775
741 11 112 208 1181 163
742 64 1136 725 115
743 2 36 404 470 297 196 7 78 33
744 376 676 211 33
745 6 1025 3398 412 1317 1229
746 97 98 45 114 12
747 947 1457 682 107 288 423
748 137 627 509 73 57
749 55 797
2912 1193 3353 1175 670 1342
1798 987 1384 936 1345 15
2949 501 727 713 661 24
2948 3003 1517 1260 1116 25
2947 83 208 1181 163
2946 3121 685 677 900 386
2945 51 577 445 393
2944 11 916 383 1434 113
2943 137 402 158 330 1327 510 3
2942 376 2623 945 1011 109
2941 1295 2855 3051 2589
2940 175 1279 650 130 5
1050 839 802 129 1070 662 1367 1
1051 1275 426 75
1052 1333 1204 324 35
1053 2 36 859 281 463 42 18
1054 3364 2152 657
1055 2487 2813 1271 975
1056 99 1802 274 249
1057 177 1269 1767
1058 22 968 643
1059 1481 2957 1430
718 197 508 932 444 386
2152 120 236
1696 120 1585 1534 357 743 1066 2079 1433
1697 120 1654 989 3249 723 304
1694 308 1776 331 1958 516
1695 99 134 104 141 265 208 541
1692 1069 778 3206 1175 1360
1693 6 132 349 186 441 208 541
1690 295 779 2109 920 1122 2568 113
1691 51 2368 1204 2401 2323 1490
715 147 323 199 465 478 966 169 774 780 68 3
1698 720 1687 155 1515 1445 124
1699 52 1590 1154 1265 579 495
1278 63 2288 525 786 5
1279 223 476 644 383 690 528 421
618 51 102 90 2920 1217 95 19 13
619 175 887 559 3082 261 53 153 49 725 115
612 11 588 69 182 261 107 288 423
613 116 963 1579 136 72 13
610 22 3264 2817 2078 65 7 12
611 166 858 43 8
616 256 1503 115
617 1166 681 663 356 1448 3054 205 301 42 996 300
614 260 1258 530 355 299 365
615 340 1614 928 3130 1499 704 5
1795 2 200 525 656 23 53 300
710 97 341 201 496 2225 2111 1090 103
1472 248 3156 161 1927 109
1473 625 1247 796 1027 782 985 597 899 76
1470 133 738 179 1562 788 2287 873
1471 2 550 986 1100 178 436 751 937 321
1476 625 412 369 1215 320 141 231 35
1477 197 281 700 94 2947 2912 191 351 235
1474 401 1908 544
1475 123 255 264 1903 1900 1483
1478 108 485 659 559 3080 708 419 452 277 75
1479 6 132 635 1566 397 53 300
1304 2 550 615 339 346 18
1305 126 82 372 1509 794 938 1074
1306 34 1098 945 844 297 196 72 13
1307 116 962 3174 1044 1211 215
1300 253 185 878 1734 1679 1
1301 61 633 2082 1926 1062
1302 2 619 3076 82 283 189
1303 683 269 14 673 781 650 848
1308 55 1381 2485 2927 65 7 12
1309 81 510 1768 1845 863 1112 232
498 16 506 19 349 2455 59
499 135 666 865 118 48
1499 17 2797 1931 704 5
494 772 998 527 1177 42 18
495 345 60 77 1456 528 421
496 683 269 906 1716 1457 682 107 288 423
497 2616 2736 797
490 1274 2300 2740 2338 914 863 215
491 197 281 462 72 13
492 122 1171 184 85
493 257 356 327 321
24 40 1139 1721 1860 79 29 4
25 298 347 1308 1148 389
26 298 347 102 293 590 669 1126 2310 1877 424 407 354 25
27 198 231 29 2792 903 552 1218 778 1002 35
20 116 692 2744 110 36 44 46
21 9 27 770 717 1051 2580 143 159
22 1082 2289 901 1702 233 1
23 540 581 1871 1213
28 697 2148 3096 3137 853 1298 27 770 481 1264 1021 5
29 6 2102 2237 2933 1736 1463 24
1516 61 723 304
1709 1193 3351 1412 1908 1491 795 2318
1511 425 576 579 143 159
7 0 41 1659 1701 575 5
2288 119 1360
2289 3329 1962 138 77 499 338 360 106
2280 2 36 1022 389
2281 146 259 313 76
2282 521 1483
2283 84 807 1778 1034 26
2284 6 169 234
2285 54 300
2286 1688 1619 3212
2287 2362 1236 1080 657
411 127 267 45 375 411
2578 84 445 1995 999 2972 19 558 640 535 113
2579 401 1232
2576 2381 2697 3402 1315
2577 9 161 176 409 106
2574 227 2022 487 224 580 690 528 421
2575 180 191 350 173 621 2350 2816 420 132 13
2572 2093 2488 1743
2573 702 1925 776 85
2570 381 1568 600 563 1228 91
2571 6 132 349 186 441 208 1478 1999 378 427 228
2378 70 266 490 867 14 440 635 339 346 18
2379 146 259 313 264 1443 449 596 42 819 162 50
2374 1691 2509 2057
2375 34 187 490 804 539 1732 580 74 5
2376 9 27 767 1547 1492 44 46
2377 2 200 1415 285 7 12
2370 260 363
2371 697 872 1038 235
2372 17 1099 1226 594 604 698 1102
2373 839 802 2023 776 85
2594 1935 1369 209
2595 746 1062
2596 87 378 278 3321 2268 185 646 443
2597 70 624 1319 694 280 748 264 601 111
2590 253 760 799 851
2591 987 1384 553 268
2592 482 3273 1251 20
2593 1166 681 663 356 585 318 98 364 705 854
2598 87 252 73 1898 344 28
2599 21 56 231 118 3145 1566 397 8
1876 100 2900 903 2155 2625 15
1877 0 143 369 849 2389 1841
1874 84 383 228
1875 97 3400 2926
1872 152 595 382 1474 571 451 24
1873 137 627 2175 268
1870 1030 1337 1218 297 587 245 74 5
1871 2 167 269 41 241 530 65 72 13
1083 435 380 272 77 296 759 775
1878 188 817 743 845 309
1879 84 1396 2964 2095 206
977 1976 2167 3093
976 97 98 491 348 210
975 21 56 836 614 790
974 251 813 174 1135 2050 668 204 35
973 99 1125 993 1763 528 421
972 1864 2966 832 1416 722 76
971 198 706 1855
970 175 1057 1285 1462 1698 65 7 12
596 9 110 352 828 1405 1425 617 215
979 886 274 60 315 801 943 1158 536
978 17 949 1437 420 561 367 24
182 248 230 902 27 538 414
183 1373 2916 194 1
180 100 961 23 8
181 140 943 1158 536
186 135 1728 1189
187 9 27 585 318 98 741 115
184 9 27 909 991 339 346 18
185 0 14 104 217 92 238 69 132 13
2110 9 110 36 1226 594 604 821 1101 273
2111 744 86 1094 2731 786 5
188 108 642 499 1442 1155
189 332 699 1328 1990 548 7 12
2114 195 726 835 415 1087 204 35
2115 467 1500 1318 112 374 895 23 8
2116 147 323 2024 964 329 504
2117 146 90 57
2622 123 1810 694 908 1086 1061 26
2623 88 733 1527 2144 961 489 309
2620 502 1853 357 1162 1323 368 115
2621 61 1225 2264 1085
2626 502 1140 666 865 118 48
2627 137 310 601 111
2624 127 267 45 160 106
2625 197 508 795 69 5
2628 127 892 201 609 1983 1279 142
2629 332 2630 3473 1651
1919 64 1848 629 265 788 2286 215
1918 122 575 132 13
1911 6 2102 1623 1078 566 1463 24
1910 520 275 224 760 1199 2809 1686
1913 30 181 593 423
1912 6 409 689 326 1110 934 252 15
1915 81 782 274 436 38
1914 262 1626 603 1265 579 143 159
1917 99 2678 897 301 1196 573 437
1916 946 881 916 149 85
869 291 1094 193 329 504
868 2 200 525 2406 71 3
2113 30 3330 1358
861 99 134 513 367 812 37 15
860 376 676 211 2425 1882 2191 32
863 447 615 339 1018
862 93 497 156 10 155 712 309
865 66 1447 2040
864 332 699 1328 466 296 1320 573 668 732
867 52 355 299 186 113
866 2 200 1363 1554 437
2756 54 153 475 240 65 72 13
2025 177 478 966 1220 411
2754 521 178 220 32
2027 21 53 92 492 156 1137 810
2752 139 737 24
2753 257 641 741 973 438 26
2022 260 487 1602 138 1
2023 88 72 635 1918 50
2028 947 1933 1878 270 413 1122 1093
2029 839 802 199 465 58
2758 63 1201 1004 2427 2311 832 952 58
1729 88 2523 3408 1782 1366
883 121 138 2165 2941 82 283 189
882 47 494 330 431 270 1
881 197 508 517 515 1527 728
880 16 250 445 607 72 724 1002 35
887 147 323 129 243 13
886 47 494 19 13
885 146 293 927 848
884 87 1376 1023 634 38
889 0 311 307 1524 1156 1402 404 232
888 133 647 1438 111
775 654 532 685 677 322 91
774 257 641 1052 837 688
777 405 569 229 620 2424 2983 1649 94 35
776 253 185 95 20
771 151 45 375 411
770 30 154 1680 574 1658 590 112 20
773 52 639 493 1702 233 1
772 70 130 1027 221 15
779 9 27 909 991 339 1018
778 83 330 2421 1063 644 28
77 227 546 449 209
76 119 645 319 353
2978 121 463 1004 168
74 2 842 1305 252 73 57
73 195 804 983 338 7 78 907 686
72 52 2139 824 25
71 306 212 439 1353 1549 627 2097 321
70 0 14 207 671 470 59
2972 11 79 90 263 33
2973 120 638 1932 634 38
2970 52 2141 1407 1679 1
2971 1575 1863 799 1544 282 10 1
2976 1972 2789 3157 23 8
2977 40 1139 206
79 0 14 104 141 2006 164 18
2975 62 1361 115
1043 946 881 79 90 57
1042 166 634 1681 1311 41 142
1041 1030 1337 1218 59
1040 262 883 1312 1026 39
1047 97 341 49 314 156 10 1
1046 457 1452 69 5
1045 401 636 807 1778 2172 446 373
1044 340 2216 3465 28
1049 198 231 969 1075 1116 25
1048 459 243 557 194 155 2271 56 265 19 13
1681 435 380 272 77 296 579 326 1110 1542
1680 11 112 788 2291 3027 595 164 819 162 50
1683 342 2002 174 434 553 268
1682 9 27 1096 650 266 316
1685 84 806 735 1850 2280 973 507
1684 447 524
1687 0 143 171 709 783 491 1225 1458
1686 84 806 486 1066 2079 1433
1689 0 143 369 849 901 1701 3295 113
1688 17 587 578 1447 1204 324 35
1269 140 1141 2298 1122 786 561 752 113
1268 3274 3164 688
669 198 2004 1578 320 739 68 3
668 197 1744 161 176 169 3303 2848 419 452 277 75
608 2 49 560 255 76
666 223 552 1830 409 531 91
1261 3213 2484
664 81 221 73 337 1306 368 518 1134 1833 68 3
1267 64 136 7 141 343 26
1266 2618 2433 12
661 11 916 805 1169 196 32
1264 127 267 45 160 956 264 1159 316
1469 625 412 369 1215 320 141 231 29 4
1468 262 1266 897 994 1983 1458
1465 1719 1673 3431 279 3
1018 6 182 1178 1746 2239 157
1467 256 472 3083 1604 68 3
1466 0 143 369 849 901 1706 863 215
1461 146 534 992 45 515 234
1460 6 1025 556 910 43 8
1463 247 105 675 1322 1283 91
521 16 1346 1404 516
1317 1030 1337 1218 778 1504 160 106
1316 1665 157
1315 64 940 38
1314 298 632 1751 1953 1036 2230 984
1313 306 212 439 1353 1549 626 1816 824 25
1312 16 214 534 3131 2805 2278 82 2662 1420 324 118 48
1311 70 130 561 1675 2197 2297 206
1310 151 492 218 145 856
1319 251 814 359 990 912
1318 2 549 245 1150 1442 1155
2460 177 144 165 1032 36 2087 516
1010 16 506 208 2661 723 304
529 2214 2312
319 2 475 890 79 400 226
318 6 31 217 542 909 991 339 346 396 37 86 4
313 1173 1786 1182 1558 825 472 103
312 22 1197 44 284 838 71 3
311 702 2984 1475 162 50
310 120 1281 609 524
317 47 568 149 3311 1720 583 667 142
316 81 1760 2027 1418 436 174 85
315 66 732
314 99 591 672 101
2024 93 1090 103
2757 340 1259 426 1169 196 1348 1845 1563 1016 479 1014 124
2026 17 1730 1948 643
1335 305 832 952 2442 2802 415 426 75
2755 116 1440 3388 275 224 185 204 29 4
1334 197 915 2635 617 215
2020 40 225 1525 801 2935 333
1337 121 138 77 822 3377 543
2021 540 582 736 871 205 455 44 46
1336 223 476 731 90 1156 10 1
2750 61 633 1980 862 114 141 836 163
2322 121 138 563 1231 450 7 141 836 163
447 398 1632 828 944 5
2751 745 199 2611 2694 2263 1345 15
446 16 572 380 272 1250 279 3
1333 84 149 434 1127 1062
444 192 484 1205 1075 929 44 46
2324 974 2121 1221 519 277 75
2692 2619 1523 2099
2759 334 1109 877 574 157
2461 177 754 1284 49 351 235
2299 137 627 1360
2298 9 27 585 318 98 239
2293 1825 3204 3270 3253
2292 289 205 455 44 46
2291 119 645 142
2290 1940 39
2297 978 184 85
2296 119 645 319 871 205 455 44 46
2295 0 1293 2714 800 32
2294 151 1638 103
404 720 1892 416 905 276
2569 401 862 19 557 194 2163 1420 497 26
2568 308 1118 488 754 2274 2803 1419
2561 195 594 453 201 496 32
2560 22 1905 567 130 408 613 35
2563 126 82 283 1780 272 1
2562 88 1606 2976 371 159
2565 66 1256 1578 891 956 76
2564 946 2217 2587 2665 628 1
2567 51 757 747 637
403 11 79 29 4
908 2 200 1145 1451 118 48
2369 166 1920 25
2368 99 591 1357 466 213 317 442 1445 124
2367 52 271 3340 1301
2366 16 214 818 239
2365 22 714 841
2364 11 112 331 3067 1553 894
2363 256 3209 855 844 59
2362 47 471 35
2361 2583 3411 3074
2360 123 1808 1954 696 186 113
2587 1166 681 663 356 371 171 172 203
2586 2 36 404 1000 571 228
2585 2270 1423 1188
2584 140 387 950 838 71 3
2583 0 14 207 610 511 427 958 59
2582 1930 2895 926 239
2581 1274 1659 765
2580 625 1247 1795 39
402 820 1773 3481 1270 233 358 57
2589 3124 2434 1906 2641
2588 84 1132 1678
1861 247 845 3317 2028 95 19 13
1860 291 294 290 303
1863 2 167 269 1068 274 60 77 4
1862 84 1397 1311 1293 1828 415 159
1865 188 604 213 950 232
1864 54 128 4
1867 9 27 327 1081 377 586
1866 1560 2319 1207 424 1569 2598 830 124
1869 592 955 2041 934 377 586
1868 6 31 67 10 315 1129 220 7 12
964 2358 1301
965 9 110 167 2132 1597 1029 125
966 61 1625 1450 229 474
967 147 2532 3380 688
960 3119 2876
961 2451 1743
962 3365 3308
963 2660 1152
401 227 470 1955 1594 870 124
968 540 658 317 930 1856
969 1481 2958 3403
2109 17 523 1304 110 36 44 46
2108 0 14 440 349 661 24
2103 0 311 307 1208 622
2102 81 221 283 590 916 28
2101 0 1292 1516 1297 367 24
2100 2 200 1145 1451 118 3191 1212 455 44 46
2107 66 362 156 209
2106 54 153 49 314 26
2105 34 186 1771 1798 2147 2540 586
2104 2 352 178 60 1
2639 227 1498 600 359 992 239
2638 399 1676 1955 2153 1478 544
2635 11 112 20
2634 52 65 72 13
2637 376 792 3356 3272 547
2636 631 2223 742 968 896 854
2631 80 179 351 348 194 1
2630 87 252 73 57
2633 381 1568 2164 2711
2632 22 477 733 3304 2470
1560 0 41 242 224 429 395 25
641 63 233 1033 1353 1549 310 602 157
878 3441 2860 2584
640 166 858 43 2887 1893 419 452 277 75
876 166 2073 2051
877 2 200 525 656 23 8
874 0 2065 2105 150 56 344 28
875 0 41 241 953 266 317 46
872 81 510 1769 3185 1377 796 31 12
1535 40 335 866 3079 594 604 698 1102
870 87 378 278 1135 718 125
871 598 1725 1708 2536 1019 815
2037 405 2293 1475 1375 644 28
2740 117 279 514 612 805 75
2743 6 132 635 339 346 18
2034 180 165 1032 1509 1021 408 1973 837 688
2745 166 858 43 107 10 315 801 1011 184 85
2744 83 19 558 640 4
2031 147 323 199 465 144 191 131 150 107 10 170 101
2030 227 546 1417 1375 1034 26
2749 140 2783 111
2748 177 1306 158 375 411
2039 40 225 1525 1129 1775 1792 109
2038 2 549 245 1434 2563 446 373
890 390 834 258 170 2346 1477 115
891 55 1380 105 2606 2003 212 222 48
892 0 14 784 708 1374 1658 189
893 22 477 72 13
894 62 653 807 718 125
895 22 454 205 301 42 18
896 51 102 293 793 134 3
897 0 326 372 202
898 21 2896 2260 1747 393
899 64 288 275 224 185 362 26
646 6 562 840 1321
649 108 485 280 366 3293 1634 68 3
1247 88 7 78 581 211 33
648 2780 1950 841
1537 2 200 1363 1554 668 204 35
1964 121 138 155 711 96 589 431 1242 38
1617 147 1322 1283 1472 785 28
1966 0 14 924 556 1334 124
2965 47 568 805 1938 1499 704 5
2964 3194 2446 2156 589 498
768 40 2767 3347 1124 687 44 46
1615 21 53 153 36 44 46
2961 9 161 176 409 531 539 111
2960 54 616 1467 397 8
2963 744 783 740 28
2962 21 107 941 972 324 118 48
762 2 36 43 89 37 15
763 198 3160 1066 1556
760 147 323 199 465 58
1783 87 378 427 451 24
1784 0 14 784 708 1613 59
1785 88 360 106
1786 2 618 629 545 69 5
765 0 1071 1345 222 1998 1336 5
1610 9 110 842 756 190 292 550 524
1963 251 1421 240 271 719 10 77 4
1078 17 587 245 960 286 60 77 4
1079 140 387 950 546 812 37 15
1076 342 1347 986 1777 1167
1077 197 281 463 551 1472 785 28
1074 81 1550 481 209
1075 21 89 883 321
1072 253 185 646 444 386
1073 22 968 753 1580 288 493 765
1070 137 627 2097 321
1071 16 214 90 57
1678 55 190 90 263 33
1679 80 179 351 348 194 155 712 310 601 111
1674 3192 3360 680
1675 51 158 515 234
1676 195 594 453 49 725 115
1677 51 577 149 434 553 1023 2075 496 32
1670 482 1390 555 1299 857 15
1671 256 1504 160 106
1672 34 187 2608 2025 870 2211 1820 95 19 13
1673 2 1003 972 324 118 48
1094 289 245 3032 2083 2201 1055 715 630 58
1095 51 102 534 466 4
1096 80 395 403 282 10 1
1097 140 1011 570 395 25
678 384 94 606 1356 228
679 2 352 988 412 369 718 1473 145 71 514 613 29 4
1092 1506 1120 294 449 209
1093 52 639 473 2676 1796 157
674 0 14 207 610 430 73 263 2664 1133 206
675 47 471 1008 2354 261 56 706 446 373
676 139 737 1416 722 2299 2476 484 1205 461
677 302 1159 23 89 37 86 4
1098 1097 893 1608 483 249
1099 16 214 1203 371 427 74 408 541
672 306 212 921 1231 687 43 8
673 1193 2058 293 793 933 199 465 58
645 146 606 1356 74 169 774 780 68 3
1418 146 90 263 325 1697 648
1419 21 56 343 218 658 23 8
1410 1237 1168 1222 1227 1428 994 827 456
1411 52 65 1351 1067
1412 2123 1750
1413 30 3078 1084
1414 298 2068 1843 2061 1495 39
1415 61 1225 1645 897 455 1226 680
1416 16 1739 566 575 407 354 25
1417 119 917 3355 2830 74 5
1322 140 597 370 468 582 363
1323 2 352 178 220 1351 1067
1320 97 98 45 19 13
1321 139 1374 750 202
1326 55 1381 103
1327 289 205 301 42 996 542 279 3
1324 2 36 3412 1403 229 474
1325 116 963 1579 136 417 464
1328 55 2652 833 138 1
1329 30 154 757 1489 1580 10 1
1621 0 14 207 610 430 73 57
2494 108 485 280 748 982 925 50
656 119 415 1695 1970 2724 526
5 9 161 1928 1040 79 29 4
647 385 237 1107 1538 1484 2047 664 2550 912
1524 97 392 659 3439 2303 58
1525 66 95 19 3433 1618 811 505 544
1526 22 1519 1465 1338
1527 1460 3168 1490
1520 52 639 473 591 86 4
1521 54 616 1727 713 365
1522 137 402 102 2036 1542
1523 2 619 3021 1740 301 42 18
1528 97 98 45 114 1619 2015 323 307 847 406
1529 6 31 67 10 170 1079 354 25
1258 133 738 1185 178 436 578 95 19 13
1259 1053 1829 1904 856
308 52 271 630 755 1605 543
309 21 56 265 19 724 1002 118 48
300 21 107 1849 178 220 32
301 334 1108 1214 829
302 384 94 90 337 58
303 425 895 23 8
304 823 333
305 148 936 328 526
306 2444 3015 191 351 235
307 52 1588 131 1147 225 50
75 1083 1624 3467 1271 975
2979 3008 2719 2177 1018
2399 40 335 3472 874 167 551 539 1731 637
1625 87 252 73 263 145 71 3
2475 289 245 1435 1043 130 5
2474 16 214 2036 934 2637 1344 159
2974 121 700 94 259 406
78 6 132 557 1777 1167
2773 119 1035 673 221 372 202
984 298 347 102 293 590 669 382 1472 113
2478 0 41 242 1128 110 1508 3254 800 417 464
2990 22 2944 178 60 1
2358 399 424 132 13
2359 1975 1278 2259 1026 39
2352 122 537 2071 2105 105 442 1197 44 46
2353 306 212 439 2277 1595 392 500 2026 873
2350 93 1091 150 107 941 972 497 26
2351 1689 3186 1909 210
2356 520 890 1748 544
2357 2 36 859 915 1119 440 13
2354 2416 3120 2210 1216
2355 21 89 37 283 189
112 30 181 593 567 266 23 53 128 4
1898 40 2261 980 527 469 1
1899 447 827 456
1894 0 853 655 981
1895 17 809 240 65 7 78 1713 113
1896 62 2581 483 249
1897 34 1875 1043 130 561 895 489 309
1890 401 636 149 219 830 124
1891 97 392 500 2026 873
1892 93 1089 19 557 194 1
1893 1069 297 196 7 78 907 686
959 2689 2963
2137 2184 75
2134 151 183 444 386
2135 151 239
2132 17 1410 719 10 564 927 130 5
2133 61 633 2710 60 155 622
2130 40 942 869 762 580 228
2131 34 187 23 53 128 698 914 1009 125
951 2913 2687
950 34 365
953 70 848
952 2090 1223
955 1083 2245
954 3307 3366
2138 1461 856
956 425 276
1635 52 355 299 2458 1133 206
2648 64 596 1005 1187 2108 576 39
2649 16 505 747 1028 812 1266 159
2993 342 1186 1949 38
2640 80 1994 1573 3
2641 147 511 426 75
2642 1097 893 1608 483 60 1
2643 521 178 220 7 1261 1370
2644 246 1973 837 2852 303
2645 80 179 131 529
2646 123 287 678 311 129 320 67 288 275 1131
2647 108 357 238 69 31 217 153 202
2002 40 225 1205 1075 779 1573 674 662 285 361 270 1
2003 2617 2122 1223
2000 0 853 2373 3281 3235 1094 193 329 504
2001 2 550 299 773 750 167 42 18
2006 1313 1919 4
2007 116 962 3173 154 158 515 234
2004 17 949 2902 1838 1238 229 474
2005 246 1383 1408 2749 3406 3470 2952
2008 745 199 3086 2936 41 142
2009 62 1115 218 658 1414 3287 595 164 18
506 61 1020 3109 1031 36 44 46
2852 195 726 154 577 149 219 394 1
937 122 975
507 21 56 343 448 2624 215
1145 459 243 557 194 413 2543 392 500 129 243 13
1263 120 354 25
1262 0 326 1110 934 252 15
717 565 655 462 32
2176 385 2229 1217 95 114 12
665 381 1028 846 2526 3200 1324 419 452 277 75
918 34 187 490 1576 1042 710 3227 225 50
2910 1897 1618 680
2911 340 1614 2492 3259 728
1799 2186 474
2913 122 575 5
2914 17 196 1253 556 60 1
2915 1996 1358
719 99 134 104 649 58
2917 121 1174 719 10 1
2918 460 23 8
2919 987 1738 74 132 557 194 1
1791 2090 3401 1358
1790 3449 2189 3001 3154
1797 52 271 1121 542 327 1081 378 427 451 290 265 20
712 502 1850 494 19 861 1056 3
711 21 53 153 618 3342 722 76
1794 399 2344 428 168
1265 135 665 328 1422 1143 395 25
716 139 2117 286 249
660 1611 1476 2842 498
917 3445 2726
1069 135 665 328 2669 1386 79 400 226
1068 11 588 244 109
916 63 715 630 144 935 1558 825 304
1061 16 214 292 202
1060 246 1383 1404 516
1063 123 1808 1954 348 809 567 848
1062 744 222 1486 194 1
1065 119 645 319 2140 756 1794 163
1064 9 110 36 44 46
1067 127 1073 499 338 72 13
1066 9 161 176 31 67 10 1
1669 0 311 129 1543 611 454 38
1668 52 1590 1154 1265 759 506 208 541
1667 133 1044 1214 829
1666 127 892 475 473 134 104 12
1665 540 432 169 662 2511 124
1664 447 299 661 24
1663 133 1044 1211 397 107 10 1
1662 195 726 835 415 1087 204 967 712 310 601 111
1661 63 2302 43 8
1660 521 828 844 59
1087 306 1907 319 65 32
590 120 638 536
593 660 483 60 216 885 163
1084 332 573 229 2033 162 50
595 148 710 584 8
1082 772 2010 1073 296 759 775
597 9 161 1077 1379 1561 26
1080 81 221 73 337 58
599 152 1837 293 927 130 169 774 780 68 3
598 22 714 42 396 37 15
1089 0 143 278 219 301 42 18
1088 691 2967 2564 480
714 30 181 935 1989 310 602 157
2828 11 112 515 1209 392 538 414
2829 197 281 463 551 91
2824 63 1007 174 433 74 169 1529 1754 368 115
2825 30 181 2866 1004 168
2826 691 1916 1246 236
2827 1172 1019 2821 2435 627 509 15
2820 137 402 577 149 85
2821 6 182 1961 225 50
2822 61 348 2796 422 547
2823 87 1787 1017 706 446 373
713 11 588 69 5
1409 64 1402 43 8
1408 820 1764 286 249
1403 1172 1019 527 469 1
1402 390 3158 3167
1401 70 623 571 451 290 231 29 4
1400 177 755 918 617 3159 652 19 13
1407 6 31 67 10 216 183 164 18
1406 256 1001 1048 303
1405 381 1026 370 819 162 50
1404 247 1885 281 463 42 18
692 133 1042 799 852 58
449 30 154 158 787 870 124
448 720 1449 532 815
1339 54 92 45 331 671 1498 338 7 12
1338 2 475 567 554 24
1547 120 1281 609 299 365
443 2044 2713 1747 393
442 108 874 201 609 1984 3327 2706 414
441 1825 3201 3240 279 3
440 135 1729 852 1303 1832 634 38
1331 16 505 747 1028 24
1330 1372 1867 1911
445 51 2316 2415 1257 38
1332 148 710 1399 46
691 166 2074 94 35
1542 126 898 129 243 724 1001 26
1631 295 779 2680 318 98 364 705 721 533
697 11 2515 410 480
39 227 470 297 210
38 62 1667 2013 3077 850 33
1540 0 143 278 922 735 1140 664 15
33 2 619 1459 267 183 164 396 37 86 4
32 55 931 218 2430 338 7 12
31 121 3042 299 186 1113 1413 300
30 140 944 1027 221 372 549 2359 1271 575 5
37 116 999 1669 379 130 5
36 108 357 238 69 5
35 1173 2627 2388 591 15
34 147 511 427 958 59
1241 306 212 439 1314 628 1
1240 460 1262 893 95 19 13
1243 66 735 1140 664 15
1534 521 988 412 1317 1229
1245 247 1066 1556
1244 127 892 1507 422 843 1429 7 12
1531 1172 1019 685 677 322 91
1246 302 602 750 202
1249 2 167 1194 450 7 12
1248 257 640 176 1220 411
1539 21 56 343 156 941 1931 1488 59
1538 295 2518 94 35
1493 34 187 1050 1362 446 373
339 21 56 343 156 209
338 459 555 367 24
335 0 41 241 953 554 846 282 209
334 21 56 2008 998 815
337 772 998 1873 1039 574 157
336 340 1045 274 60 170 101
331 598 3045 1742 393
330 2 1003 2204 1120 294 24
333 11 3251 2129 2614 15
332 9 110 842 756 190 35
2061 54 92 491 696 661 24
543 51 158 331 610 96 3
2118 2238 3143 3127
1533 342 1186 609 3111 3298 599 254 168
1085 457 3471 156 941 972 1090 103
1464 1373 2918 304
2119 34 187 1050 2329 230 902 27 538 414
1353 17 1865 615 339 346 18
1462 139 420 408 826 160 106
1352 34 187 1050 653 149 434 553 268
152 1166 681 663 356 280 748 3161 3232 709 86 458 59
1991 40 942 869 902 110 36 44 46
2345 6 31 141 1494 729
2344 2629 3005
2347 223 843 1993 77 4
2346 9 110 202
2341 1153 2206 1084
2340 256 1502 149 922 732
2343 1274 2814 1223
2342 17 1099 43 388 432 5
2349 256 3207 2149 2868 1017 303
2348 22 258 315 1130
2067 88 32
1889 70 3277 1359 379 848
1888 84 2741 3397 3090 2707 2648 363
1887 139 2642 2841 2854 58
1886 197 281 700 2094 410 628 1
1885 62 1667 2013 1188
1884 99 679 717 37 921 3443 1198 1183 648
1883 140 844 297 2209 1570
1882 139 880 2702 1761
1881 11 438 156 10 77 4
1880 16 572 518 808 795 1296 938 1074
2121 40 335 2106 1790 266 317 46
2120 227 2009 111
2123 62 1115 218 658 1414 1324 421
2122 6 409 689 14 207 671 707 23 8
2125 133 738 179 1562 20
2124 9 27 538 985 387 316
2127 260 487 876 377 586
949 1153 1637
2129 83 208 612 1241 3095 2638
947 376 91
944 246 3099 855 2781 803
945 2441 2403
942 93 324 1008 101
943 16 1597 2154 215
940 598 1726 1572 3266 1167
941 260 487 876 252 73 57
2410 3226 1964 304
2659 127 267 45 160 531 91
2658 16 505 1489 1779 1095 333
642 127 267 45 375 1715 1144 74 5
2653 251 450 7 1261 162 716 4
1450 34 187 1263 605 131 529
2651 334 1109 646 254 168
2650 151 238 244 3373 1720 939 864 235
2657 1083 1624 3236
2656 192 2095 206
2655 30 997 1059 213 23 8
2654 540 582 736 871 245 74 5
133 295 1368 38
132 34 1875 736 65 417 464
131 1972 1861 2962
130 100 74 407 236
137 126 898 129 243 13
136 64 596 1005 1187 2108 1302 903 547
135 47 749 1148 389
134 289 205 301 42 996 542 327 758 632 509 372 36 404 232
139 0 14 104 67 136 7 12
138 1409 1553 2222 111
2019 80 179 1072 1981 1332
2018 93 763 173 2035 68 3
2015 22 454 174 85
2014 55 932 254 479 1015 25
2017 1295 2083 2205 2893 729
2016 1294 422 552 2716 111
2011 54 128 698 914 1009 1965 231 29 4
2010 93 2489 348 194 1
2013 11 112 788 1063 644 28
2012 2906 2409 1910
158 180 3247 999 2970 1707 681 663 356 912
1793 1821 2644 2743
1453 119 415 426 75
2112 1372 2806 825 304
2903 0 41 1660 3389 82 73 57
2902 522 859 281 463 551 91
2901 2 49 351 696 1336 169 1209 392 583 667 142
2900 83 19 3432 2557 632 917 717 1630 318 98 364 705 854
2907 93 1091 1427 2408
709 151 238 244 109
2905 447 1986 2218 96 3
2904 21 56 231 534 970
704 592 955 847 313 154 1308 529
705 16 506 208 612 28
2909 34 187 490 1576 418 877 1671 363
707 17 684 1194 1421 493 765
700 55 1380 105 46
701 21 89 37 86 4
702 21 56 231 90 57
703 17 523 643
88 40 942 869 1325 252 73 57
89 1054 2558 2599 74 5
82 22 605 94 259 313 76
83 6 562 840 82 283 189
80 540 2426 111
81 61 633 1980 862 160 106
86 9 27 767 1547 1492 44 284 838 71 3
87 2 36 1022 605 94 259 313 76
84 592 1887 3475 1355 336 39
85 180 191 350 173 621 58
1658 6 31 67 136 417 464
1659 34 187 490 2130 977 1179 46
2487 399 1617 2296 1420 1089 20
1652 147 1322 1283 983 1157 850 33
1653 947 1934 2925 876 377 768 3179 1133 206
1650 63 1202 560 255 76
1651 9 27 280 889 1874 609 524
1656 66 95 19 3423 1565 79 400 226
1657 88 72 861 887 268
1654 180 519 277 75
1655 839 2730 439 226
586 565 2327 1325 252 73 2923 2634 1064
587 459 1246 2131 275 224 760 1199 1366
584 116 692 1471 517 19 13
585 683 269 14 673 781 142
582 340 1046 372 202
583 123 287 678 41 242 224 580 961 489 309
580 133 647 74 31 739 68 3
581 140 597 900 386
1632 16 505 833 981
588 151 492 156 209
589 17 684 1510 647 74 5
1633 0 1664 543
2839 0 1068 274 249
2838 22 605 350 28
2837 97 98 743 105 284 232
2836 70 266 23 56 1494 729
2835 47 2282 244 570 830 124
2834 879 3328 1572 1201 841
2833 122 1464 1289 313 76
2832 47 471 534 466 499 600 1
2831 11 79 967 712 309
2830 399 424 169 1895 1633 89 68 3
1436 6 1234 1327 782 414
1437 116 999 1669 518 224 657
1434 177 478 602 1290 48
1435 126 898 307 1524 337 58
1432 88 7 67 10 1
1433 22 714 269 14 440 13
1430 11 916 173 474
1431 772 2419 1343
418 16 250 1834 2101 944 5
1637 691 2975 1473 33
1438 0 41 242 876 1119 3
1439 152 3134 488 144 165 1
1260 30 154 102 606 1765 455 43 89 68 3
1348 2621 2192 1076
1349 55 190 90 57
450 140 2782 3036 2043 2486 2956
451 308 1468 818 239
452 0 143 278 433 1150 600 1
453 457 1452 244 109
1344 47 749 954 232
1345 61 1454 1757 1823 397 8
1346 660 2064 1247 2657 59
457 502 566 1946 1392 1452 244 109
766 6 409 2883 453 49 131 529
517 625 412 369 1215 320 12
1502 540 325 428 479 1015 25
657 66 1447 3282 2828 548 360 106
1500 2871 3258 680
655 697 1591 1817 3218 1541 687 43 8
1506 198 344 445 607 7 12
653 152 1400 149 85
1504 227 1192 169 234
651 16 572 1385 1088 642 458 1469 456
1508 127 267 45 375 1596 1013 1252 708 419 452 277 75
1509 11 79 400 1314 1015 25
767 100 1939 971 1536 245 3012 2207 670 928 543
658 148 553 1023 634 38
516 1987 2585 2938 2059
948 2590 2560
2126 390 3002 680
946 30 76
2128 192 484 1945 1486 196 32
568 148 709 783 239
54 298 721 693 1291 710 1330 2541 758 721 533
2816 6 31 67 10 564 2613 1012 555 576 322 539 111
1376 302 816 193 1753 165 1
1081 398 1014 124
322 21 107 1138 896 347 158 20
323 384 560 443
320 180 191 350 173 621 2352 2410 214 35
321 520 240 272 77 4
326 0 326 1110 1542
327 295 779 2109 920 461
324 88 7 67 10 1248 1382 161 213 316
325 83 208 612 1241 1969 2061 232
328 1575 1143 1485 608
329 11 3230 1733 2737
2819 11 112 330 431 270 1
1340 139 420 408 826 160 531 91
565 332 976 3088 1538 394 1
2330 126 82 73 57
2331 598 1467 1179 442 454 38
2332 47 471 90 1441 68 3
2333 0 143 3455 1270 233 358 57
2334 47 568 805 1938 2012
2335 108 485 659 268
2336 30 154 757 833 1951 38
2337 435 380 353
2338 30 982 925 847 313 76
2339 22 454 2905 2151 507
1341 247 105 930 225 50
1591 22 714 1511 453 618 629 231 29 4
1590 63 233 413 3024 2961 112 20
2488 16 572 518 2170 2758 1007 38
2489 253 185 2182 2412 2572
2486 108 642 499 600 1
2950 9 27 280 1285 699 50
2484 140 597 370 396 37 86 4
2485 522 43 56 343 26
2482 399 2342 1258 530 871 38
2483 108 485 583 328 526
2480 166 858 43 2890 1217 734 729
1598 0 14 924 556 220 32
1518 119 2062 366 479 1013 1348 1872 233 359 466 4
2248 80 703 525 656 1262 893 362 448 162 50
2249 1153 2181 2738 1223
2652 122 537 2069 318 98 364 705 721 533
2244 122 2335 338 416 905 2244 1133 206
2245 123 287 678 326 222 48
2246 3211 1398
2247 227 1191 938 2136 391 448 162 50
2240 2864 57
2241 62 652 19 349 187 1414 1324 419 452 277 75
2242 565 321
2243 2019 3381 2775 142
995 40 942 869 762 429 995 240 65 7 12
994 253 429 179 131 529
2466 55 517 20
2467 121 1174 25
991 21 107 1264 1021 132 1559 1212 394 1
990 308 1118 488 478 533
2462 100 451 449 10 216 183 382 91
992 2 200 1363 1554 668 362 1049 37 86 4
999 0 906 1844 2754 271 25
2469 97 98 1052 998 685 737 211 33
120 1560 3469 2954
121 501 1029 465 755 509 15
122 295 2610 2703 1648 590 112 330 498
123 502 1854 1276 53 92 183 164 18
124 55 931 237 282 10 170 101
125 1117 3255 1604 2240 1330 511 159
126 127 267 183 164 468 145 71 3
127 0 41 242 808 190 35
128 55 190 292 548 7 12
129 251 813 174 85
1295 116 963 2142 92 2973 3245 222 1998 1336 408 613 29 4
2068 522 859 508 517 1114 919 159
2069 697 1591 1813 1086 568 28
2798 260 487 1128 161 176 31 12
2799 3075 2506 3291
2792 135 665 328 2651 3302 89 37 15
2793 146 259 3448 572 1801 134 3
2062 345 910 44 442 454 38
2791 40 942 2125 138 77 176 31 67 136 72 13
2796 122 3028 2498 1355 1937 2069 318 98 364 705 721 533
2797 100 1896 1102
2794 342 1347 986 194 77 296 579 495
2795 83 114 78 1714 1736 537 1545 851
1849 2622 2942
1086 482 2850 2502 228
1134 1935 1965 3177 1092
2666 135 1339 2185 2003 212 73 337 58
2667 256 1502 445 393
2664 99 933 2031
2665 195 811 214 606 1765 395 403 512
2662 334 1762 936 667 1660 2633 419 452 277 75
2663 3216 2321 3144 1307
2660 820 1773 184 219 395 403 512
2661 1313 1910
1748 133 738 179 94 29 176 169 1529 2138 918 617 215
2668 30 997 1059 213 23 107 136 417 610 96 3
2669 133 418 204 400 226
2938 21 107 1138 896 347 158 374 276
2939 256 2018 1296 2729 728
2936 80 179 94 29 4
2937 251 2837 2247
2934 21 89 1051 366 2793 1964 1502 28
2935 1640 3263 3189
2932 2257 1796 2045 239
2933 384 94 606 1354
2930 772 998 685 880 571 228
2931 66 877 1670 211 33
1559 385 237 1350 2006 255 76
1645 16 1184 1126 495
1644 122 1944 971 480
1647 345 2679 1818 1160 1697 648
1646 135 1340 129 243 724 1002 29 4
1641 3123 2575 1152
1640 52 271 629 2007 723 1001 1048 303
1643 911 574 2294 934 252 73 57
1642 3228 3372
1396 398 1013 7 1261 1784 1016 1207 894
1649 745 199 1369 10 1
1648 117 500 199 125
728 1069 59
1743 2251 2060 33
1252 223 552 1803 428 168
579 64 1846 963 1583
578 180 519 1668 1678
604 55 190 400 226
573 631 1537 1540 3483 610 96 3
572 660 855 2355 1113 26
571 47 471 1008 101
570 117 908 1620 575 5
577 11 777 105 791 2578 255 982 1282 834 1006 403 512
576 198 1190 1365
575 6 409 689 41 142
574 152 1039 244 3370 3325 50
2808 93 763 149 85
2809 0 906 584 56 303
2802 87 252 73 1156 10 1
1209 308 1468 1203 371 1695 1476 1419
2800 127 267 741 380 353
2801 345 60 170 1310 510 3
2806 384 131 529
2807 11 588 69 31 141 545 69 5
2804 80 455 44 442 389
600 305 831 651 75
1421 3214 2391 1443 449 209
2406 11 438 156 10 170 101
1423 0 14 784 2020 469 1
1422 247 845 310 966 169 774 780 68 3
1425 0 311 129 891 531 1474 109
1424 9 110 36 404 470 297 196 7 78 33
1427 22 258 77 4
2407 88 7 141 344 28
1429 9 27 585 318 341 36 44 46
1428 0 311 129 320 217 128 4
602 291 1077 286 60 1
939 108 357 45 19 13
731 117 939 864 235
730 16 506 2331 2510 2723 3
733 1582 3436 201 608
2405 6 562 2021 1839 114 12
735 116 692 1962 138 77 4
734 744 920 461
737 148 710 586
736 1936 3289 2063 494 20
739 87 1376 1023 1224 1
2402 1371 996 300
2403 180 191 350 173 621 478 533
1359 9 27 280 889 2831 615 1918 50
1358 152 1039 244 109
469 1997 2574 2052
468 342 2000 1534 1592 3048 731 29 4
465 398 1013 32
464 34 2453 184 434 798 3
467 460 317 930 1856
466 140 1862
461 16 214 1203 371 159
1356 81 510 2561 2979 36 404 470 59
1355 64 288 275 876 252 783 1164 29 4
1200 302 693 184 85
1273 3004 346 468 145 71 3
2542 2 549 578 362 218 145 71 207 3066 310 601 111
2159 683 269 143 171 172 203
1519 147 511 427 336 322 676 24
2408 886 274 60 216 740 28
1515 467 925 1206 279 3
1514 122 1947 900 450 7 67 136 416 905 276
1517 147 511 427 958 778 1002 35
2409 2691 3250 2894
1274 100 960 286 910 43 89 1051 366 168
1510 148 799 851
1513 482 1390 1246 236
1512 520 493 1704 471 400 226
1004 1804 3165 2423
280 70 130 1234 431 730 860 1705 1017 303
723 223 476 644 383 690 686
282 9 27 538 985 844 59
357 0 14 207 611 258 315 1130
356 146 292 49 1024
355 117 939 864 2080 1212 455 44 46
354 2213 3394
353 177 754 1284 201 608
352 385 237 282 288 275 1134 273
351 192 863 1960 309
350 55 190 90 263 325 322 539 111
359 17 587 578 878 103
358 17 1100 178 436 751 937 321
2323 97 1977 499 1900 989 862 160 106
1111 332 977 397 89 1267 142
2321 55 190 292 548 7 649 144 935 404 232
2320 47 749 1148 454 245 74 5
2327 390 1179 46
2326 1316 106
2325 0 14 207 261 53 616 1176 346 18
1446 459 2309 2235 191 350 173 621 478 533
2329 248 1491 2655 806 646 255 264 1160 579 143 1087 732
2328 99 3017 1620 1171 109
1113 80 703 810
484 2 1507 422 843 1182 43 8
289 52 272 563 1228 91
288 83 1114 2535 2835 1433
1444 117 371 897 393
281 0 311 129 320 78 33
1443 140 1858 290 344 28
283 298 632 1035 1111 236
1030 21 107 941 972 324 118 2986 2747 310 601 111
285 119 918 307 50
284 2283 1210 33
287 81 221 73 337 1677 2028 95 19 13
286 911 1670 2820 2597 424 5
1441 88 360 689 311 307 1522 885 163
1440 99 679 852 144 165 1
263 64 1136 94 35
262 151 238 69 132 558 356 327 321
261 6 31 217 128 1094 1831 1332
260 1237 1168 1222 268
267 51 368 1385 1706 484 1205 461
266 97 392 659 268
1792 2620 3155 1913
264 137 402 757 833 981
1031 148 1127 888 250 28
269 151 238 69 182 261 89 37 283 189
268 47 1061 488 58
1290 198 2008 837 688
2499 152 2179 3071
2498 2 200 810
1291 305 831 2307 3118 424 5
2491 0 1071 328 526
2490 291 213 1263 389
2493 97 98 45 114 67 209
2492 262 1629 1086 599 287 678 495
2495 467 2565 829
258 30 154 577 149 219 607 733 234
2497 289 245 1151 803
2496 139 419 3237
259 22 714 42 468 145 71 3
1294 135 2477 1085
2259 177 754 1284 49 314 26
2258 61 3393 1557
2257 83 114 78 1714 3125 1341 993 365
2256 83 1114 510 2559 2859 2011
2255 0 14 784 708 1613 297 196 7 78 33
2254 6 562 2020 1177 42 18
2253 1859 1641 3459 297 809 567 2347 1546 171 172 203
2252 9 161 822 857 86 294 211 33
2251 6 1025 556 220 7 739 37 86 4
2250 87 1787 481 136 7 78 33
2477 51 1315
2476 839 802 129 1070 1895 1633 89 884 559 701
988 70 624 899 264 816 1392 1921 20
989 385 237 282 136 7 12
2473 16 1739 446 373
2472 108 642 458 1469 456
2471 54 153 201 608
2470 146 695 1219 664 86 213 23 8
982 1460 3166 113
983 148 553 268
980 1941 113
981 3018 1102
986 87 252 73 1898 836 163
987 308 2907 806 1254 973 2497 2411 2582 1342
2479 405 569 229 620 907 2847 595 444 1146 25
985 974 2120 2200 1537 1540 1571
115 302 816 193 1105
114 17 523 756 190 90 57
117 9 27 770 481 1264 1021 5
116 84 173 1512 10 1
111 11 79 2945 1411 1820 95 19 13
110 459 555 2345 286 60 155 622
113 122 537 2070 748 181 593 567 266 23 53 128 4
2199 55 2656 380 271 25
119 2 36 404 707 23 8
118 9 27 767 1548 880 109
2785 2 49 351 348 194 1
2784 123 287 678 41 242 808 517 374 276
2787 63 1200 360 956 76
2786 2 49 131 1427 96 3
2781 306 212 439 2603 3301 665 328 526
2780 17 523 753 1577 58
2783 99 1125 991 1450 437
2782 22 454 2360 1195
2789 1857 794 193 329 2462 58
2788 63 1520 1986 2324 470 59
2079 405 569 229 620 33
2078 247 105 442 1905 493 2399 373
2073 54 92 1453 483 436 38
2072 2044 2728 2845 1383 1404 516
2071 87 1788 1685 1884 668 204 35
2070 405 569 229 620 582 736 355 299 186 113
2077 253 429 994 827 456
2076 398 3337 753 273
2075 9 27 327 655 138 1
2074 147 323 199 465 144 165 170 101
1388 2 3229 1501 1369 10 1
1796 565 1080 185 362 26
2671 34 503 428 1207 424 182 610 96 3
2670 308 1118 488 1677 3225 1485 496 32
2060 93 2712 410 3335 2047 666 865 118 48
2672 30 154 102 606 1356 228
2675 398 2495 275 1134 1577 755 509 672 101
2674 467 2570 776 85
2677 11 588 69 407 1242 174 922 732
2676 34 773 1789 226
2679 2 2029 124
2678 127 267 45 20
8 30 181 593 473 679 852 144 165 216 364 747 637
2056 1461 71 513 2341 1889
2929 9 27 585 318 98 741 2672 1860 438 26
2928 146 293 793 591 15
2921 80 607 416 766 613 118 48
2920 447 615 1455
2923 175 1646 1992 1388
2922 381 1028 846 512
2925 175 887 1227 2856
2924 55 2654 1020 1387 365
2927 51 102 293 189
2926 1988 3395 3385 3132 1058 15
708 83 330 1327 1760 129 891 106
2566 119 670 2494 768 1498 600 1
2906 63 1202 350 149 85
1630 820 656 316
1987 100 1939 971 480
1984 47 599 254 2825 1386 112 20
1985 55 931 237 282 10 155 711 96 3
1634 180 191 1564 855 1862
1983 83 114 649 754 1650 327 1081 2639 1518 285 32
1636 100 1151 193 329 504
1981 345 2525 1415 1116 25
1638 133 418 486 105 284 1497 528 421
1639 223 476 1603 235
1988 197 508 931 218 1713 785 28
1989 180 2030 719 10 1250 585 1518 285 32
1781 22 477 417 464
706 54 92 238 244 109
2815 1891 48
2814 55 795 69 31 67 10 1
2817 11 2514 348 210
2908 1170 1416 3399
2811 305 704 31 649 754 1650 327 321
2810 108 357 491 2290 1431 82 222 48
2813 137 402 158 375 411
2812 137 402 158 375 2159 2667 795 69 31 12
560 482 1819 713 365
561 0 1071 2493 655 138 1
562 62 789 35
563 83 208 2681 2491 682 8
564 70 624 899 154 1682 1532 38
2818 2091 3310 728
566 0 311 129 1543 611 454 751 709 15
567 177 144 165 216 364 747 3369 23 8
659 683 841
1188 384 131 150 107 10 170 101
1189 117 280 366 168
1186 188 694 769 1399 46
1187 34 186 1771 3103 1615 3
1184 80 607 1252 2021 1839 114 12
1185 54 92 45 331 3072 3107 60 155 622
1182 100 74 407 1244 94 35
1183 0 14 923 957 1876 1791 333
1180 298 632 917 717 1635
1181 137 2436 2774 1378
726 62 652 114 141 303
727 3196 1878 1586 2698
724 16 1184 255 982 1500 1318 507
725 2 549 205 179 131 529
722 21 56 343 156 288 240 65 7 12
1749 6 132 349 503 39
720 308 1118 156 209
721 2 201 608
1744 11 777 105 46
1745 1153 2330 2544 2931
1746 93 2402 614 790
1747 64 940 205 3141 896 632 1035 3
1740 291 458 1469 1260 1368 245 74 5
1741 116 1154 2242 23 8
1742 0 41 241 1426 134 1770 2110 2074 350 173 621 58
729 66 1256 1239 764 549 38
1164 0 14 207 1961 1403 229 474
1165 2376 536
1166 435 518 1612 1800 310 602 157
1167 823 945 387 316
1160 2 200 1415 1367 1
1161 1333 1204 324 118 48
1162 0 14 440 635 339 346 18
1163 146 259 313 154 1682 2682 1235 171 172 203
1168 460 23 89 37 15
1169 522 860 323 307 847 406
472 166 2075 1465 1338
48 16 572 115
49 2 619 1439 469 1
46 223 843 1182 43 388 145 71 3
47 83 331 3073 2187 1224 1
44 52 355 299 503 322 792 5
45 0 2990 1953 2176 2246 2897 2011
42 0 41 242 224 429 995 240 65 7 141 231 29 4
43 84 173 1512 10 170 101
40 30 264 693 651 3016 1031 548 32
41 152 595 164 18
1568 720 1449 532 527 469 1
1569 385 237 282 136 72 13
1298 21 53 153 49 725 2673 2128 74 5
1299 180 519 174 85
1788 148 798 674 234
1292 0 41 241 953 266 317 284 838 71 3
1293 340 1045 274 60 170 1310 221 15
1562 99 134 440 724 472 103
1563 127 1073 458 778 472 103
1296 502 566 1171 109
1565 0 41 241 530 272 563 1228 91
1566 63 715 403 1210 33
1567 21 107 1401 1949 38
797 298 632 917 717 1630 318 98 364 705 854
474 21 8
1712 34 1723 2930 951 1866
591 631 3336 1085
2033 0 41 241 530 272 563 406
1711 62 652 20
1381 0 14 674 662 929 43 8
1710 720 1449 532 527 469 155 711 96 3
793 457 1161 149 219 394 77 4
792 302 1159 23 89 37 15
1715 312 1531 254 1526 1530 96 924 1555 1011 184 85
2032 52 639 473 591 783 45 19 635 1915 206
1201 289 205 703 810
790 2 352 828 387 316
1366 21 56 343 26
1367 16 214 292 201 979 1
470 2908 2709 2604 2468 2332 3101 2555 3089 2052
1365 305 3153 1423 1188
1362 55 190 90 1899 1249 270 155 712 310 601 111
477 93 1091 845 310 966 169 774 780 68 3
1360 81 1550 2060 325 39
1361 2 167 269 326 222 48
478 3040 1557
479 177 58
2916 947 1934 2928 530 271 1121 300
1368 126 2390 2658 113
1369 522 859 508 797
