2278 2 2 4.578142
89 8 8 3.479529
606 1 1 4.983607
1710 1 1 4.983607
2572 1 1 4.983607
2145 1 1 4.983607
587 7 5 3.884994
438 16 14 2.968704
523 1 1 4.983607
1677 3 3 4.290459
42 1 1 4.983607
2305 1 1 4.983607
892 1 1 4.983607
1113 4 2 4.578142
2005 2 2 4.578142
731 1 1 4.983607
2368 1 1 4.983607
553 1 1 4.983607
1200 1 1 4.983607
2816 1 1 4.983607
2159 2 2 4.578142
955 5 4 4.067316
550 2 2 4.578142
2673 3 2 4.578142
1620 1 1 4.983607
2049 1 1 4.983607
702 5 4 4.067316
1748 2 1 4.983607
1088 2 2 4.578142
2112 2 1 4.983607
2982 1 1 4.983607
170 1 1 4.983607
2336 1 1 4.983607
2980 1 1 4.983607
1366 3 3 4.290459
603 11 8 3.479529
2297 1 1 4.983607
2672 1 1 4.983607
271 17 11 3.191847
528 8 4 4.067316
1115 4 4 4.067316
1838 3 3 4.290459
1031 2 2 4.578142
2000 1 1 4.983607
2404 1 1 4.983607
1354 2 2 4.578142
1956 1 1 4.983607
430 1 1 4.983607
1965 1 1 4.983607
2677 1 1 4.983607
593 3 3 4.290459
316 5 3 4.290459
561 2 2 4.578142
1245 8 1 4.983607
1538 1 1 4.983607
2384 1 1 4.983607
976 8 6 3.730844
2182 1 1 4.983607
2276 1 1 4.983607
931 2 2 4.578142
1735 2 1 4.983607
2908 2 1 4.983607
1396 3 3 4.290459
962 2 2 4.578142
1905 4 3 4.290459
540 2 2 4.578142
2352 1 1 4.983607
1105 2 1 4.983607
185 1 1 4.983607
2090 2 2 4.578142
1253 2 2 4.578142
842 2 2 4.578142
318 6 6 3.730844
2663 1 1 4.983607
378 12 5 3.884994
1966 1 1 4.983607
415 9 7 3.597312
2591 4 1 4.983607
2286 2 2 4.578142
2730 1 1 4.983607
395 6 4 4.067316
2549 1 1 4.983607
2796 1 1 4.983607
1636 3 3 4.290459
2944 1 1 4.983607
1612 1 1 4.983607
618 8 8 3.479529
2653 1 1 4.983607
196 1 1 4.983607
806 3 3 4.290459
2193 1 1 4.983607
670 7 6 3.730844
2791 2 1 4.983607
1316 1 1 4.983607
1896 1 1 4.983607
1092 2 2 4.578142
2192 1 1 4.983607
3000 1 1 4.983607
567 12 10 3.278859
2861 1 1 4.983607
2082 1 1 4.983607
2875 6 1 4.983607
233 6 2 4.578142
455 1 1 4.983607
584 3 3 4.290459
1427 3 3 4.290459
2919 1 1 4.983607
1472 1 1 4.983607
787 19 15 2.904165
1516 1 1 4.983607
1203 1 1 4.983607
1485 12 8 3.479529
1132 1 1 4.983607
521 5 5 3.884994
1950 1 1 4.983607
2498 1 1 4.983607
2076 1 1 4.983607
2123 3 2 4.578142
276 3 3 4.290459
1785 1 1 4.983607
1117 1 1 4.983607
2612 2 1 4.983607
2747 1 1 4.983607
502 2 1 4.983607
798 10 9 3.374169
2585 1 1 4.983607
43 12 9 3.374169
915 1 1 4.983607
485 10 9 3.374169
1820 1 1 4.983607
2035 1 1 4.983607
2703 1 1 4.983607
609 2 1 4.983607
1390 2 1 4.983607
2836 1 1 4.983607
1892 6 3 4.290459
515 8 4 4.067316
2483 1 1 4.983607
2148 1 1 4.983607
1175 2 2 4.578142
1969 1 1 4.983607
2921 1 1 4.983607
1074 1 1 4.983607
1317 1 1 4.983607
1621 1 1 4.983607
68 1 1 4.983607
498 2 1 4.983607
1941 2 1 4.983607
1437 5 2 4.578142
2647 1 1 4.983607
444 1 1 4.983607
122 10 9 3.374169
102 16 7 3.597312
1661 4 2 4.578142
225 17 15 2.904165
624 4 4 4.067316
862 2 1 4.983607
2896 1 1 4.983607
2590 1 1 4.983607
31 2 2 4.578142
2828 1 1 4.983607
1528 2 1 4.983607
1187 12 11 3.191847
2424 1 1 4.983607
2259 1 1 4.983607
2518 1 1 4.983607
3003 2 1 4.983607
2809 1 1 4.983607
2308 1 1 4.983607
44 87 60 1.565880
1181 5 4 4.067316
1360 8 8 3.479529
1618 1 1 4.983607
1652 1 1 4.983607
107 8 6 3.730844
1410 2 2 4.578142
305 1 1 4.983607
1271 2 2 4.578142
2649 1 1 4.983607
2513 1 1 4.983607
52 15 10 3.278859
1045 2 2 4.578142
564 8 7 3.597312
2407 1 1 4.983607
1423 9 8 3.479529
2401 3 2 4.578142
2372 1 1 4.983607
2269 4 2 4.578142
1909 3 3 4.290459
1037 10 10 3.278859
1567 1 1 4.983607
908 4 2 4.578142
2782 1 1 4.983607
2271 4 2 4.578142
1910 2 2 4.578142
2892 1 1 4.983607
1571 2 2 4.578142
2683 2 1 4.983607
2966 1 1 4.983607
721 1 1 4.983607
505 6 2 4.578142
1422 9 5 3.884994
810 8 7 3.597312
2022 3 3 4.290459
80 10 6 3.730844
573 1 1 4.983607
1301 1 1 4.983607
1233 10 10 3.278859
1697 1 1 4.983607
434 3 2 4.578142
1477 1 1 4.983607
234 28 21 2.585711
2736 1 1 4.983607
187 10 6 3.730844
1263 1 1 4.983607
2047 1 1 4.983607
716 6 2 4.578142
439 6 4 4.067316
838 4 1 4.983607
1480 2 2 4.578142
1619 15 8 3.479529
2722 1 1 4.983607
913 1 1 4.983607
1742 3 2 4.578142
2438 6 2 4.578142
1819 16 13 3.037696
7 21 18 2.732315
980 1 1 4.983607
400 3 2 4.578142
2985 1 1 4.983607
898 1 1 4.983607
766 3 3 4.290459
746 2 2 4.578142
1684 1 1 4.983607
964 3 3 4.290459
408 7 2 4.578142
1438 1 1 4.983607
2466 1 1 4.983607
2762 1 1 4.983607
62 3 3 4.290459
1168 1 1 4.983607
2222 1 1 4.983607
382 1 1 4.983607
504 1 1 4.983607
1756 2 2 4.578142
2487 1 1 4.983607
1463 2 2 4.578142
1381 1 1 4.983607
2724 1 1 4.983607
81 12 6 3.730844
1683 2 2 4.578142
2023 1 1 4.983607
727 1 1 4.983607
971 4 3 4.290459
2422 1 1 4.983607
39 3 2 4.578142
1844 1 1 4.983607
1596 1 1 4.983607
1302 1 1 4.983607
1770 5 2 4.578142
2956 1 1 4.983607
1880 1 1 4.983607
1340 1 1 4.983607
248 4 4 4.067316
2692 4 2 4.578142
2258 4 4 4.067316
2113 1 1 4.983607
2847 1 1 4.983607
2819 1 1 4.983607
369 1 1 4.983607
1309 1 1 4.983607
756 4 4 4.067316
1744 1 1 4.983607
2369 1 1 4.983607
631 3 3 4.290459
2306 1 1 4.983607
2557 1 1 4.983607
853 1 1 4.983607
160 3 3 4.290459
1737 2 1 4.983607
2670 1 1 4.983607
1076 1 1 4.983607
1672 3 3 4.290459
1278 6 4 4.067316
431 1 1 4.983607
2570 1 1 4.983607
2969 1 1 4.983607
1173 1 1 4.983607
2881 1 1 4.983607
1562 1 1 4.983607
860 3 3 4.290459
465 2 2 4.578142
1698 1 1 4.983607
1347 1 1 4.983607
680 1 1 4.983607
412 1 1 4.983607
710 22 11 3.191847
509 5 5 3.884994
1523 3 2 4.578142
1373 1 1 4.983607
1321 2 2 4.578142
2256 1 1 4.983607
1343 1 1 4.983607
1026 1 1 4.983607
2516 3 2 4.578142
2993 1 1 4.983607
2229 2 1 4.983607
1451 1 1 4.983607
2898 1 1 4.983607
563 7 6 3.730844
288 13 11 3.191847
679 4 4 4.067316
467 3 3 4.290459
113 13 11 3.191847
105 15 6 3.730844
2497 8 2 4.578142
2938 1 1 4.983607
279 10 10 3.278859
1091 5 5 3.884994
2789 1 1 4.983607
252 30 9 3.374169
2768 1 1 4.983607
701 2 2 4.578142
633 8 7 3.597312
2086 12 3 4.290459
2525 5 2 4.578142
228 5 2 4.578142
920 5 2 4.578142
2733 1 1 4.983607
33 13 10 3.278859
921 5 3 4.290459
2542 1 1 4.983607
197 5 4 4.067316
262 2 1 4.983607
2615 1 1 4.983607
338 6 6 3.730844
1421 4 4 4.067316
2897 2 1 4.983607
2986 1 1 4.983607
1431 1 1 4.983607
2975 1 1 4.983607
2089 2 2 4.578142
23 1 1 4.983607
216 4 2 4.578142
1488 2 2 4.578142
745 1 1 4.983607
1945 1 1 4.983607
2882 3 1 4.983607
1902 5 3 4.290459
1445 4 2 4.578142
824 4 4 4.067316
2370 2 1 4.983607
242 14 13 3.037696
2315 1 1 4.983607
87 12 6 3.730844
178 5 4 4.067316
2160 1 1 4.983607
2219 1 1 4.983607
1049 1 1 4.983607
2845 1 1 4.983607
2406 1 1 4.983607
1845 2 2 4.578142
551 1 1 4.983607
613 2 2 4.578142
937 1 1 4.983607
667 3 3 4.290459
1732 2 1 4.983607
588 3 3 4.290459
30 175 54 1.669421
2770 1 1 4.983607
928 2 2 4.578142
524 2 2 4.578142
520 3 3 4.290459
34 3 3 4.290459
1140 2 2 4.578142
531 8 7 3.597312
56 1 1 4.983607
2181 1 1 4.983607
435 4 4 4.067316
1536 2 1 4.983607
1312 4 3 4.290459
1306 5 5 3.884994
595 6 3 4.290459
2094 1 1 4.983607
2556 1 1 4.983607
1766 1 1 4.983607
2594 1 1 4.983607
2797 2 1 4.983607
1388 4 4 4.067316
1828 1 1 4.983607
867 3 3 4.290459
250 4 3 4.290459
358 5 5 3.884994
2431 1 1 4.983607
2621 3 3 4.290459
2690 1 1 4.983607
1713 1 1 4.983607
2598 1 1 4.983607
977 2 2 4.578142
2441 1 1 4.983607
82 10 6 3.730844
1015 47 19 2.681022
1723 4 3 4.290459
2068 5 2 4.578142
1923 1 1 4.983607
181 1 1 4.983607
124 4 4 4.067316
1919 2 2 4.578142
202 3 3 4.290459
1903 2 2 4.578142
865 1 1 4.983607
50 4 4 4.067316
697 7 4 4.067316
832 3 3 4.290459
1551 3 2 4.578142
2586 1 1 4.983607
1453 2 2 4.578142
2761 2 1 4.983607
560 1 1 4.983607
816 7 3 4.290459
419 45 19 2.681022
1406 9 8 3.479529
2365 4 2 4.578142
1929 2 2 4.578142
2465 1 1 4.983607
111 45 39 1.987874
2766 1 1 4.983607
2911 2 2 4.578142
2189 1 1 4.983607
1866 1 1 4.983607
527 7 7 3.597312
2184 1 1 4.983607
2105 1 1 4.983607
1293 1 1 4.983607
2292 2 1 4.983607
919 36 21 2.585711
612 7 6 3.730844
2705 1 1 4.983607
2905 1 1 4.983607
1386 5 4 4.067316
2781 1 1 4.983607
813 22 13 3.037696
313 46 30 2.242767
121 29 23 2.498700
381 39 23 2.498700
750 5 4 4.067316
1235 4 4 4.067316
1932 2 2 4.578142
737 5 4 4.067316
328 20 19 2.681022
2363 3 3 4.290459
1163 1 1 4.983607
666 19 18 2.732315
1156 1 1 4.983607
2493 2 1 4.983607
2760 1 1 4.983607
2707 1 1 4.983607
1975 1 1 4.983607
1330 14 11 3.191847
917 2 2 4.578142
1443 6 4 4.067316
468 8 8 3.479529
2453 1 1 4.983607
1569 1 1 4.983607
2038 2 1 4.983607
334 9 8 3.479529
1614 2 1 4.983607
1254 2 2 4.578142
636 1 1 4.983607
1818 1 1 4.983607
758 3 3 4.290459
2056 4 2 4.578142
101 13 4 4.067316
1209 1 1 4.983607
673 1 1 4.983607
2282 1 1 4.983607
1927 1 1 4.983607
1726 9 8 3.479529
1782 1 1 4.983607
1112 9 6 3.730844
923 5 5 3.884994
1703 1 1 4.983607
2302 1 1 4.983607
1719 1 1 4.983607
1398 2 2 4.578142
1931 1 1 4.983607
432 3 3 4.290459
147 1 1 4.983607
494 3 3 4.290459
1275 5 2 4.578142
109 6 3 4.290459
1682 3 3 4.290459
519 9 8 3.479529
417 4 4 4.067316
1127 5 4 4.067316
2858 1 1 4.983607
2379 3 2 4.578142
2802 1 1 4.983607
1702 5 5 3.884994
1069 4 3 4.290459
833 5 2 4.578142
2867 2 1 4.983607
1391 1 1 4.983607
1943 1 1 4.983607
1839 2 2 4.578142
2748 2 2 4.578142
462 20 14 2.968704
2425 1 1 4.983607
1290 2 2 4.578142
2310 3 1 4.983607
2914 1 1 4.983607
2074 1 1 4.983607
1821 1 1 4.983607
1239 1 1 4.983607
900 3 2 4.578142
2813 1 1 4.983607
119 25 16 2.843540
2462 4 2 4.578142
19 14 9 3.374169
193 1 1 4.983607
2965 2 2 4.578142
1056 6 5 3.884994
142 1 1 4.983607
2085 3 3 4.290459
814 4 4 4.067316
1491 2 2 4.578142
1807 2 2 4.578142
1720 1 1 4.983607
2039 2 1 4.983607
477 1 1 4.983607
2687 1 1 4.983607
1648 7 5 3.884994
70 2 2 4.578142
2613 1 1 4.983607
1166 1 1 4.983607
1833 4 4 4.067316
2784 2 2 4.578142
585 3 3 4.290459
1497 6 4 4.067316
2835 1 1 4.983607
2735 1 1 4.983607
2945 1 1 4.983607
2723 1 1 4.983607
2623 1 1 4.983607
162 1 1 4.983607
1986 4 3 4.290459
2166 2 1 4.983607
2573 1 1 4.983607
1402 2 2 4.578142
1617 1 1 4.983607
108 38 31 2.211018
2860 1 1 4.983607
772 1 1 4.983607
482 13 12 3.111804
55 22 16 2.843540
1325 1 1 4.983607
2127 1 1 4.983607
848 1 1 4.983607
2627 1 1 4.983607
9 8 5 3.884994
2885 2 1 4.983607
1693 1 1 4.983607
1988 1 1 4.983607
1784 2 2 4.578142
2434 2 1 4.983607
1657 1 1 4.983607
1585 2 2 4.578142
2576 1 1 4.983607
2055 1 1 4.983607
1662 1 1 4.983607
1611 1 1 4.983607
1178 3 1 4.983607
2446 1 1 4.983607
2700 1 1 4.983607
1912 3 2 4.578142
2752 1 1 4.983607
1580 1 1 4.983607
1162 1 1 4.983607
1052 7 7 3.597312
2245 3 1 4.983607
541 2 2 4.578142
1541 1 1 4.983607
1248 4 4 4.067316
429 1 1 4.983607
1297 3 3 4.290459
1935 2 1 4.983607
210 36 26 2.380917
1460 9 5 3.884994
2935 1 1 4.983607
1762 4 4 4.067316
943 2 1 4.983607
958 4 4 4.067316
1138 5 5 3.884994
171 1 1 4.983607
1509 2 2 4.578142
2373 1 1 4.983607
2554 1 1 4.983607
1134 1 1 4.983607
2459 1 1 4.983607
371 3 3 4.290459
1247 3 3 4.290459
2714 1 1 4.983607
579 6 5 3.884994
2842 2 1 4.983607
2409 1 1 4.983607
1172 2 2 4.578142
2069 1 1 4.983607
1320 2 2 4.578142
1721 1 1 4.983607
2455 3 3 4.290459
2471 1 1 4.983607
261 2 1 4.983607
993 5 3 4.290459
1696 5 5 3.884994
1426 1 1 4.983607
1430 2 2 4.578142
319 5 3 4.290459
1418 15 9 3.374169
1829 2 1 4.983607
1814 2 2 4.578142
596 1 1 4.983607
576 2 2 4.578142
793 4 2 4.578142
1561 1 1 4.983607
2062 4 2 4.578142
1243 1 1 4.983607
353 33 18 2.732315
492 1 1 4.983607
1695 1 1 4.983607
2021 1 1 4.983607
2599 1 1 4.983607
131 74 45 1.848112
2454 1 1 4.983607
481 4 2 4.578142
2264 3 2 4.578142
2228 1 1 4.983607
2279 1 1 4.983607
652 1 1 4.983607
352 31 13 3.037696
145 1 1 4.983607
2346 1 1 4.983607
2648 1 1 4.983607
441 2 1 4.983607
2463 1 1 4.983607
2171 1 1 4.983607
1080 2 2 4.578142
2765 1 1 4.983607
1510 5 3 4.290459
778 2 2 4.578142
1230 1 1 4.983607
226 11 10 3.278859
126 32 15 2.904165
947 2 2 4.578142
1059 2 2 4.578142
1401 2 2 4.578142
709 6 3 4.290459
1659 2 2 4.578142
1852 1 1 4.983607
2141 3 3 4.290459
2801 1 1 4.983607
1863 1 1 4.983607
1669 11 4 4.067316
243 42 32 2.180246
1689 4 4 4.067316
1716 1 1 4.983607
791 2 2 4.578142
174 1 1 4.983607
456 3 2 4.578142
2904 1 1 4.983607
2482 2 2 4.578142
690 2 1 4.983607
1055 3 3 4.290459
2002 2 2 4.578142
1154 1 1 4.983607
2429 1 1 4.983607
2651 1 1 4.983607
278 16 13 3.037696
1772 7 6 3.730844
777 1 1 4.983607
803 41 35 2.093235
1581 5 5 3.884994
698 6 5 3.884994
2252 3 1 4.983607
2798 9 2 4.578142
155 7 5 3.884994
749 7 7 3.597312
2064 1 1 4.983607
1079 1 1 4.983607
2075 1 1 4.983607
1489 2 2 4.578142
458 18 10 3.278859
940 4 2 4.578142
1668 11 6 3.730844
2543 1 1 4.983607
1767 1 1 4.983607
1119 1 1 4.983607
1599 3 2 4.578142
2111 1 1 4.983607
298 8 7 3.597312
615 2 2 4.578142
1656 3 3 4.290459
969 5 4 4.067316
2167 2 2 4.578142
474 1 1 4.983607
2169 1 1 4.983607
1646 4 3 4.290459
2995 1 1 4.983607
1655 1 1 4.983607
2564 1 1 4.983607
1589 1 1 4.983607
1440 1 1 4.983607
280 5 4 4.067316
2323 3 1 4.983607
2704 1 1 4.983607
132 1 1 4.983607
2447 1 1 4.983607
1984 1 1 4.983607
2682 2 1 4.983607
685 4 4 4.067316
1484 4 3 4.290459
2340 1 1 4.983607
175 1 1 4.983607
2783 2 2 4.578142
845 5 4 4.067316
1926 2 2 4.578142
1964 1 1 4.983607
2155 1 1 4.983607
2589 1 1 4.983607
2810 1 1 4.983607
1681 3 2 4.578142
2180 8 4 4.067316
1241 7 6 3.730844
1478 1 1 4.983607
1164 1 1 4.983607
326 25 23 2.498700
1493 5 3 4.290459
1153 1 1 4.983607
2183 3 1 4.983607
2087 2 2 4.578142
2553 1 1 4.983607
2475 1 1 4.983607
616 1 1 4.983607
707 6 6 3.730844
97 15 7 3.597312
2207 4 4 4.067316
2288 2 2 4.578142
719 1 1 4.983607
1221 1 1 4.983607
574 1 1 4.983607
2191 1 1 4.983607
1946 1 1 4.983607
1296 2 2 4.578142
973 3 3 4.290459
522 2 2 4.578142
1305 1 1 4.983607
582 3 3 4.290459
297 1 1 4.983607
138 1 1 4.983607
1010 5 5 3.884994
1144 2 2 4.578142
1481 1 1 4.983607
2163 1 1 4.983607
1357 27 8 3.479529
1505 1 1 4.983607
2763 2 1 4.983607
599 1 1 4.983607
1700 1 1 4.983607
801 3 3 4.290459
423 2 2 4.578142
1992 1 1 4.983607
1805 2 2 4.578142
789 13 10 3.278859
2451 1 1 4.983607
312 9 9 3.374169
2044 2 2 4.578142
2243 1 1 4.983607
2575 1 1 4.983607
2318 1 1 4.983607
4 70 41 1.939084
2448 1 1 4.983607
1981 1 1 4.983607
2708 1 1 4.983607
568 4 1 4.983607
2989 2 1 4.983607
1266 5 4 4.067316
1270 1 1 4.983607
949 1 1 4.983607
605 12 11 3.191847
2300 1 1 4.983607
1352 4 2 4.578142
1116 5 3 4.290459
479 14 5 3.884994
2532 1 1 4.983607
1224 1 1 4.983607
1824 2 2 4.578142
464 4 4 4.067316
401 5 3 4.290459
1616 5 5 3.884994
539 2 2 4.578142
1642 9 6 3.730844
2290 2 2 4.578142
499 2 1 4.983607
2686 1 1 4.983607
2496 2 1 4.983607
1524 2 2 4.578142
294 77 47 1.805553
245 3 3 4.290459
2645 1 1 4.983607
32 70 27 2.344549
1158 1 1 4.983607
1269 4 2 4.578142
1265 2 2 4.578142
2902 6 2 4.578142
2359 1 1 4.983607
277 12 7 3.597312
696 6 5 3.884994
1663 1 1 4.983607
2746 1 1 4.983607
1970 2 1 4.983607
2364 4 3 4.290459
1095 5 3 4.290459
58 21 17 2.786382
1830 2 2 4.578142
2510 1 1 4.983607
2117 2 1 4.983607
1448 5 5 3.884994
1277 2 2 4.578142
2551 1 1 4.983607
1915 2 1 4.983607
2136 1 1 4.983607
1184 2 2 4.578142
2227 2 1 4.983607
51 86 43 1.892564
385 2 1 4.983607
718 7 3 4.290459
1629 1 1 4.983607
2351 3 2 4.578142
859 7 5 3.884994
1121 2 1 4.983607
1246 15 7 3.597312
213 3 3 4.290459
1928 1 1 4.983607
1788 2 1 4.983607
2481 1 1 4.983607
2660 1 1 4.983607
1798 3 3 4.290459
309 3 2 4.578142
1432 1 1 4.983607
2655 1 1 4.983607
2387 1 1 4.983607
284 6 5 3.884994
2603 1 1 4.983607
837 13 9 3.374169
2873 1 1 4.983607
1487 4 4 4.067316
100 24 10 3.278859
1526 1 1 4.983607
0 171 36 2.065836
1773 1 1 4.983607
1647 1 1 4.983607
1775 1 1 4.983607
1868 1 1 4.983607
1466 1 1 4.983607
425 5 2 4.578142
662 17 11 3.191847
1141 2 2 4.578142
2003 3 1 4.983607
1841 2 2 4.578142
2524 1 1 4.983607
2732 1 1 4.983607
2817 1 1 4.983607
683 1 1 4.983607
682 6 4 4.067316
503 1 1 4.983607
2386 1 1 4.983607
123 79 50 1.744928
653 1 1 4.983607
1812 3 2 4.578142
827 4 4 4.067316
630 6 6 3.730844
2578 1 1 4.983607
1425 5 5 3.884994
1313 6 3 4.290459
1016 8 6 3.730844
2240 1 1 4.983607
1974 1 1 4.983607
929 8 8 3.479529
1665 6 6 3.730844
2115 4 4 4.067316
190 1 1 4.983607
1936 2 2 4.578142
1189 5 4 4.067316
927 3 3 4.290459
2701 1 1 4.983607
2721 1 1 4.983607
2839 1 1 4.983607
546 8 8 3.479529
829 1 1 4.983607
922 9 9 3.374169
2247 1 1 4.983607
2011 1 1 4.983607
2104 1 1 4.983607
1473 3 3 4.290459
1533 3 2 4.578142
1383 1 1 4.983607
446 7 4 4.067316
2156 1 1 4.983607
154 2 2 4.578142
2812 1 1 4.983607
1130 5 4 4.067316
2756 6 1 4.983607
2339 1 1 4.983607
2041 1 1 4.983607
1040 3 3 4.290459
988 13 12 3.111804
367 1 1 4.983607
594 3 3 4.290459
2036 6 2 4.578142
2871 1 1 4.983607
2200 1 1 4.983607
2849 3 1 4.983607
2304 1 1 4.983607
232 5 3 4.290459
1101 1 1 4.983607
1267 1 1 4.983607
2691 2 1 4.983607
2338 1 1 4.983607
114 22 17 2.786382
2277 1 1 4.983607
2058 2 2 4.578142
1415 1 1 4.983607
2824 2 1 4.983607
1198 9 5 3.884994
2093 1 1 4.983607
2298 1 1 4.983607
1214 2 2 4.578142
2470 1 1 4.983607
2348 1 1 4.983607
343 8 7 3.597312
287 6 6 3.730844
488 1 1 4.983607
668 2 2 4.578142
359 2 2 4.578142
2977 1 1 4.983607
497 1 1 4.983607
581 3 3 4.290459
1875 1 1 4.983607
926 2 2 4.578142
273 11 8 3.479529
1760 12 8 3.479529
2592 3 1 4.983607
896 3 1 4.983607
1434 2 2 4.578142
713 1 1 4.983607
2772 1 1 4.983607
1730 4 2 4.578142
2106 12 1 4.983607
240 7 6 3.730844
1996 2 2 4.578142
755 6 5 3.884994
3 40 26 2.380917
1333 1 1 4.983607
2187 1 1 4.983607
78 8 8 3.479529
2116 1 1 4.983607
641 17 9 3.374169
1382 2 2 4.578142
2128 1 1 4.983607
2890 2 1 4.983607
1384 1 1 4.983607
2474 2 1 4.983607
2325 1 1 4.983607
638 5 3 4.290459
2027 1 1 4.983607
1998 1 1 4.983607
275 8 5 3.884994
625 16 13 3.037696
91 51 14 2.968704
607 6 5 3.884994
1804 4 2 4.578142
2633 1 1 4.983607
562 1 1 4.983607
2979 1 1 4.983607
2855 1 1 4.983607
2464 1 1 4.983607
1240 1 1 4.983607
1393 2 2 4.578142
1231 7 5 3.884994
2001 1 1 4.983607
2909 2 1 4.983607
825 3 3 4.290459
1546 2 2 4.578142
2103 1 1 4.983607
2289 2 2 4.578142
1806 3 3 4.290459
1372 6 3 4.290459
307 11 9 3.374169
967 3 3 4.290459
1419 5 5 3.884994
1813 4 3 4.290459
2679 2 1 4.983607
324 20 12 3.111804
543 10 7 3.597312
1746 2 1 4.983607
500 1 1 4.983607
2996 1 1 4.983607
166 1 1 4.983607
2140 1 1 4.983607
2484 5 1 4.983607
904 2 2 4.578142
548 42 19 2.681022
2461 1 1 4.983607
2943 1 1 4.983607
195 21 14 2.968704
869 40 27 2.344549
717 1 1 4.983607
1780 12 3 4.290459
2232 1 1 4.983607
206 23 14 2.968704
1385 15 11 3.191847
1893 2 1 4.983607
59 3 2 4.578142
2889 3 1 4.983607
2922 1 1 4.983607
269 3 2 4.578142
2019 4 2 4.578142
1251 1 1 4.983607
41 1 1 4.983607
2251 1 1 4.983607
817 9 8 3.479529
1888 1 1 4.983607
2242 1 1 4.983607
935 3 2 4.578142
1135 2 1 4.983607
888 10 6 3.730844
1001 2 2 4.578142
2206 2 2 4.578142
422 3 2 4.578142
2170 1 1 4.983607
315 33 18 2.732315
2427 1 1 4.983607
542 5 5 3.884994
1311 1 1 4.983607
2992 1 1 4.983607
2696 1 1 4.983607
1029 9 7 3.597312
1474 1 1 4.983607
2970 1 1 4.983607
2445 1 1 4.983607
2501 1 1 4.983607
1883 1 1 4.983607
2883 2 1 4.983607
2869 1 1 4.983607
3001 3 1 4.983607
1403 2 2 4.578142
1498 2 2 4.578142
2083 3 2 4.578142
1651 1 1 4.983607
1679 4 3 4.290459
203 2 2 4.578142
1822 1 1 4.983607
1182 2 2 4.578142
2937 1 1 4.983607
2998 2 1 4.983607
2521 1 1 4.983607
90 66 34 2.121406
2395 1 1 4.983607
86 31 21 2.585711
1129 10 6 3.730844
2538 3 1 4.983607
872 3 3 4.290459
2709 1 1 4.983607
2533 2 2 4.578142
2057 1 1 4.983607
2678 1 1 4.983607
966 3 3 4.290459
536 3 3 4.290459
1691 1 1 4.983607
554 1 1 4.983607
2874 2 1 4.983607
437 6 4 4.067316
2092 1 1 4.983607
1837 4 2 4.578142
675 10 5 3.884994
372 2 2 4.578142
2499 1 1 4.983607
1934 1 1 4.983607
1687 2 2 4.578142
1467 1 1 4.983607
2807 1 1 4.983607
92 12 7 3.597312
1436 3 3 4.290459
2198 1 1 4.983607
2261 3 2 4.578142
1441 1 1 4.983607
238 2 2 4.578142
433 5 4 4.067316
282 11 10 3.278859
329 18 12 3.111804
428 1 1 4.983607
1985 1 1 4.983607
2712 1 1 4.983607
25 2 2 4.578142
379 1 1 4.983607
642 23 12 3.111804
2629 3 2 4.578142
2403 1 1 4.983607
96 46 34 2.121406
2205 2 2 4.578142
1560 5 4 4.067316
1283 3 3 4.290459
2894 1 1 4.983607
1555 5 5 3.884994
795 5 3 4.290459
156 1 1 4.983607
649 1 1 4.983607
864 3 2 4.578142
1643 1 1 4.983607
2820 1 1 4.983607
2439 1 1 4.983607
2283 1 1 4.983607
1126 2 2 4.578142
879 1 1 4.983607
1287 1 1 4.983607
657 1 1 4.983607
655 1 1 4.983607
1994 1 1 4.983607
1623 10 4 4.067316
2628 1 1 4.983607
2562 2 1 4.983607
2509 1 1 4.983607
1577 1 1 4.983607
188 3 1 4.983607
990 1 1 4.983607
2634 2 1 4.983607
418 2 2 4.578142
346 23 10 3.278859
1958 1 1 4.983607
2382 1 1 4.983607
2337 2 2 4.578142
2408 1 1 4.983607
2366 1 1 4.983607
2668 1 1 4.983607
1256 1 1 4.983607
402 3 2 4.578142
2642 1 1 4.983607
380 1 1 4.983607
2213 2 1 4.983607
1686 1 1 4.983607
998 1 1 4.983607
2045 2 1 4.983607
75 20 17 2.786382
1921 1 1 4.983607
2618 1 1 4.983607
2773 3 1 4.983607
1374 1 1 4.983607
2540 2 1 4.983607
882 1 1 4.983607
1452 4 3 4.290459
129 10 10 3.278859
1399 2 2 4.578142
852 2 2 4.578142
2152 1 1 4.983607
866 1 1 4.983607
165 2 2 4.578142
714 2 2 4.578142
2948 1 1 4.983607
2332 1 1 4.983607
2211 1 1 4.983607
2561 3 2 4.578142
445 7 5 3.884994
2154 2 2 4.578142
2866 1 1 4.983607
1597 1 1 4.983607
1601 4 3 4.290459
1414 1 1 4.983607
1207 4 4 4.067316
1362 9 7 3.597312
856 7 3 4.290459
2983 1 1 4.983607
2964 1 1 4.983607
2780 1 1 4.983607
1289 1 1 4.983607
901 2 1 4.983607
1183 3 3 4.290459
2987 1 1 4.983607
460 4 4 4.067316
1380 14 5 3.884994
950 1 1 4.983607
2959 1 1 4.983607
2436 1 1 4.983607
1632 1 1 4.983607
2088 1 1 4.983607
956 5 4 4.067316
2830 1 1 4.983607
392 9 7 3.597312
1625 14 7 3.597312
1444 6 4 4.067316
295 12 10 3.278859
2137 1 1 4.983607
251 104 69 1.428259
2624 2 2 4.578142
1368 11 9 3.374169
846 5 3 4.290459
645 1 1 4.983607
2420 1 1 4.983607
2051 3 2 4.578142
2423 1 1 4.983607
2426 1 1 4.983607
1955 1 1 4.983607
2358 1 1 4.983607
2126 2 2 4.578142
1779 1 1 4.983607
2037 5 2 4.578142
1328 2 2 4.578142
604 16 14 2.968704
2130 1 1 4.983607
2520 3 2 4.578142
1369 6 6 3.730844
2650 1 1 4.983607
2913 1 1 4.983607
2984 1 1 4.983607
1005 3 3 4.290459
1212 3 2 4.578142
1894 4 3 4.290459
841 1 1 4.983607
1834 5 4 4.067316
1885 1 1 4.983607
1615 1 1 4.983607
1914 3 3 4.290459
1152 1 1 4.983607
1299 1 1 4.983607
394 1 1 4.983607
1729 2 1 4.983607
2832 1 1 4.983607
1048 3 3 4.290459
1521 1 1 4.983607
1993 1 1 4.983607
2805 2 1 4.983607
1190 4 3 4.290459
1063 7 5 3.884994
2658 1 1 4.983607
368 31 19 2.681022
2223 1 1 4.983607
1268 5 4 4.067316
775 2 2 4.578142
2579 1 1 4.983607
2309 3 3 4.290459
840 2 2 4.578142
732 15 13 3.037696
1944 1 1 4.983607
139 1 1 4.983607
1475 2 2 4.578142
1174 1 1 4.983607
496 2 1 4.983607
130 32 26 2.380917
2006 1 1 4.983607
2394 1 1 4.983607
1531 1 1 4.983607
2162 1 1 4.983607
1148 1 1 4.983607
836 9 8 3.479529
301 2 2 4.578142
704 2 2 4.578142
2926 4 2 4.578142
1465 1 1 4.983607
2829 1 1 4.983607
1860 2 2 4.578142
2050 1 1 4.983607
1709 2 2 4.578142
1447 9 1 4.983607
518 18 11 3.191847
2018 1 1 4.983607
1281 1 1 4.983607
1468 7 4 4.067316
1708 6 4 4.067316
2225 1 1 4.983607
2342 2 2 4.578142
1877 2 2 4.578142
2884 1 1 4.983607
1494 4 4 4.067316
1041 4 3 4.290459
442 2 1 4.983607
643 5 4 4.067316
2990 2 1 4.983607
1304 1 1 4.983607
1085 1 1 4.983607
461 1 1 4.983607
2319 1 1 4.983607
2172 2 2 4.578142
1066 1 1 4.983607
1861 2 2 4.578142
2528 2 1 4.983607
2248 1 1 4.983607
218 19 15 2.904165
2502 1 1 4.983607
2891 2 1 4.983607
822 7 5 3.884994
916 1 1 4.983607
1810 1 1 4.983607
880 2 2 4.578142
2360 1 1 4.983607
2804 1 1 4.983607
1201 1 1 4.983607
317 6 6 3.730844
255 1 1 4.983607
1457 1 1 4.983607
1332 15 14 2.968704
1000 1 1 4.983607
1367 4 4 4.067316
2927 1 1 4.983607
802 16 13 3.037696
231 40 21 2.585711
373 16 11 3.191847
2414 1 1 4.983607
1106 4 3 4.290459
2177 2 1 4.983607
1901 4 2 4.578142
285 4 3 4.290459
597 4 2 4.578142
895 3 1 4.983607
2739 2 1 4.983607
2419 1 1 4.983607
1291 4 1 4.983607
2343 1 1 4.983607
2377 1 1 4.983607
1012 14 12 3.111804
1850 1 1 4.983607
2400 3 2 4.578142
2925 1 1 4.983607
1823 2 2 4.578142
28 6 3 4.290459
968 4 4 4.067316
71 1 1 4.983607
2795 1 1 4.983607
182 2 2 4.578142
1499 4 2 4.578142
2626 1 1 4.983607
1951 1 1 4.983607
84 11 10 3.278859
1676 3 3 4.290459
1211 1 1 4.983607
669 1 1 4.983607
2851 1 1 4.983607
64 3 3 4.290459
2273 3 2 4.578142
469 27 19 2.681022
2978 1 1 4.983607
2988 1 1 4.983607
1790 1 1 4.983607
660 1 1 4.983607
179 1 1 4.983607
2794 1 1 4.983607
529 4 4 4.067316
2886 6 1 4.983607
29 47 28 2.309458
2581 1 1 4.983607
1587 3 2 4.578142
2740 2 1 4.983607
2291 2 1 4.983607
491 10 2 4.578142
578 5 5 3.884994
1694 11 5 3.884994
768 13 10 3.278859
1234 7 5 3.884994
1047 1 1 4.983607
2312 1 1 4.983607
1548 1 1 4.983607
2221 1 1 4.983607
1097 1 1 4.983607
2201 6 2 4.578142
2266 2 1 4.983607
589 3 3 4.290459
2667 1 1 4.983607
571 4 2 4.578142
830 1 1 4.983607
1802 3 2 4.578142
735 1 1 4.983607
1741 1 1 4.983607
2837 1 1 4.983607
2864 1 1 4.983607
779 1 1 4.983607
2967 1 1 4.983607
1334 3 3 4.290459
356 20 18 2.732315
1704 5 4 4.067316
688 2 1 4.983607
1886 1 1 4.983607
1649 1 1 4.983607
2850 1 1 4.983607
763 5 4 4.067316
1539 1 1 4.983607
805 13 11 3.191847
266 2 1 4.983607
1169 1 1 4.983607
151 6 5 3.884994
405 4 3 4.290459
1486 7 6 3.730844
1900 2 2 4.578142
1273 11 9 3.374169
1690 1 1 4.983607
2109 2 1 4.983607
2008 1 1 4.983607
1930 1 1 4.983607
2007 1 1 4.983607
2536 1 1 4.983607
629 5 5 3.884994
1607 1 1 4.983607
1053 1 1 4.983607
289 8 7 3.597312
335 9 7 3.597312
1718 1 1 4.983607
1160 1 1 4.983607
2176 2 1 4.983607
881 1 1 4.983607
2577 1 1 4.983607
1345 1 1 4.983607
619 14 13 3.037696
2918 1 1 4.983607
376 1 1 4.983607
1872 1 1 4.983607
157 16 7 3.597312
1027 11 7 3.597312
299 7 7 3.597312
2329 1 1 4.983607
2478 1 1 4.983607
1989 1 1 4.983607
1957 1 1 4.983607
661 21 11 3.191847
1196 1 1 4.983607
2017 1 1 4.983607
893 1 1 4.983607
1634 4 2 4.578142
3002 3 1 4.983607
2957 1 1 4.983607
994 1 1 4.983607
2662 1 1 4.983607
386 10 6 3.730844
2311 2 2 4.578142
1639 1 1 4.983607
347 3 3 4.290459
1731 2 1 4.983607
2314 1 1 4.983607
877 1 1 4.983607
2785 1 1 4.983607
1688 1 1 4.983607
290 10 9 3.374169
2786 1 1 4.983607
2609 1 1 4.983607
2713 1 1 4.983607
2759 2 2 4.578142
2661 1 1 4.983607
79 29 10 3.278859
1674 3 3 4.290459
451 6 5 3.884994
2212 3 1 4.983607
1705 1 1 4.983607
2265 2 2 4.578142
954 9 3 4.290459
2731 1 1 4.983607
1147 1 1 4.983607
1185 2 2 4.578142
310 5 5 3.884994
799 4 4 4.067316
1400 2 2 4.578142
224 4 3 4.290459
1658 1 1 4.983607
1454 1 1 4.983607
2344 1 1 4.983607
759 3 3 4.290459
1479 2 2 4.578142
987 14 11 3.191847
2767 1 1 4.983607
74 36 26 2.380917
2727 2 1 4.983607
905 7 7 3.597312
783 1 1 4.983607
1335 1 1 4.983607
2432 1 1 4.983607
623 4 4 4.067316
804 8 2 4.578142
2033 2 2 4.578142
1855 1 1 4.983607
83 12 7 3.597312
427 1 1 4.983607
2284 2 2 4.578142
2606 1 1 4.983607
906 18 7 3.597312
2778 1 1 4.983607
396 15 7 3.597312
1854 1 1 4.983607
258 3 1 4.983607
1586 2 1 4.983607
342 14 13 3.037696
1308 1 1 4.983607
2674 2 1 4.983607
2084 1 1 4.983607
391 2 1 4.983607
936 1 1 4.983607
2121 1 1 4.983607
1098 2 1 4.983607
2146 1 1 4.983607
525 3 3 4.290459
611 7 5 3.884994
2196 1 1 4.983607
2961 1 1 4.983607
1717 1 1 4.983607
545 10 8 3.479529
227 2 2 4.578142
654 5 4 4.067316
1222 23 18 2.732315
135 1 1 4.983607
2013 1 1 4.983607
1878 4 4 4.067316
2953 1 1 4.983607
230 11 8 3.479529
2552 1 1 4.983607
676 38 14 2.968704
16 2 1 4.983607
1295 1 1 4.983607
1131 3 3 4.290459
2821 1 1 4.983607
256 11 7 3.597312
1783 7 2 4.578142
1446 9 1 4.983607
1550 3 2 4.578142
2458 4 2 4.578142
2383 1 1 4.983607
2584 1 1 4.983607
2421 1 1 4.983607
826 6 6 3.730844
1590 2 2 4.578142
933 1 1 4.983607
2563 1 1 4.983607
361 1 1 4.983607
2367 1 1 4.983607
2527 1 1 4.983607
2025 2 1 4.983607
782 1 1 4.983607
159 96 31 2.211018
2601 1 1 4.983607
996 3 3 4.290459
1714 2 2 4.578142
1933 1 1 4.983607
1507 2 2 4.578142
85 11 10 3.278859
27 13 12 3.111804
1337 1 1 4.983607
507 2 1 4.983607
725 4 3 4.290459
180 5 1 4.983607
1471 3 2 4.578142
1288 1 1 4.983607
272 75 31 2.211018
1459 3 3 4.290459
2078 1 1 4.983607
1223 1 1 4.983607
2095 4 2 4.578142
1575 4 4 4.067316
2715 1 1 4.983607
1566 10 5 3.884994
194 3 3 4.290459
183 24 17 2.786382
2725 1 1 4.983607
360 2 1 4.983607
2262 1 1 4.983607
99 13 4 4.067316
1685 1 1 4.983607
246 2 2 4.578142
1220 4 4 4.067316
2685 1 1 4.983607
1578 2 2 4.578142
1881 1 1 4.983607
2280 1 1 4.983607
2757 1 1 4.983607
796 2 2 4.578142
1379 9 7 3.597312
1613 1 1 4.983607
2607 1 1 4.983607
2625 1 1 4.983607
1395 1 1 4.983607
788 4 3 4.290459
2354 3 1 4.983607
1857 1 1 4.983607
241 3 3 4.290459
1583 4 2 4.578142
448 4 2 4.578142
263 16 9 3.374169
960 2 2 4.578142
1450 3 1 4.983607
1871 1 1 4.983607
2413 1 1 4.983607
239 2 2 4.578142
2973 1 1 4.983607
2565 1 1 4.983607
730 4 4 4.067316
1249 3 3 4.290459
989 3 2 4.578142
459 7 6 3.730844
204 1 1 4.983607
2639 1 1 4.983607
1793 2 2 4.578142
2823 1 1 4.983607
1530 1 1 4.983607
635 10 3 4.290459
73 75 56 1.633703
2537 1 1 4.983607
404 3 2 4.578142
600 16 14 2.968704
648 8 5 3.884994
2790 1 1 4.983607
331 9 9 3.374169
2287 1 1 4.983607
764 3 2 4.578142
1208 1 1 4.983607
2065 1 1 4.983607
2751 1 1 4.983607
2991 1 1 4.983607
2042 2 1 4.983607
1800 3 3 4.290459
60 27 13 3.037696
2688 1 1 4.983607
1939 1 1 4.983607
1061 5 4 4.067316
2391 1 1 4.983607
2295 2 1 4.983607
1483 1 1 4.983607
979 3 2 4.578142
17 1 1 4.983607
2614 1 1 4.983607
1025 3 2 4.578142
2378 1 1 4.983607
2381 1 1 4.983607
1906 2 2 4.578142
366 4 4 4.067316
1411 1 1 4.983607
436 1 1 4.983607
1628 2 2 4.578142
2838 1 1 4.983607
1591 2 2 4.578142
1043 1 1 4.983607
2958 2 1 4.983607
1086 1 1 4.983607
1953 1 1 4.983607
878 2 2 4.578142
150 4 4 4.067316
513 8 7 3.597312
2307 1 1 4.983607
516 2 2 4.578142
1050 1 1 4.983607
2588 1 1 4.983607
887 1 1 4.983607
1226 1 1 4.983607
2070 1 1 4.983607
961 3 3 4.290459
1529 9 6 3.730844
1044 1 1 4.983607
219 6 6 3.730844
738 5 4 4.067316
2539 3 2 4.578142
1461 12 4 4.067316
2814 1 1 4.983607
2376 2 2 4.578142
637 3 2 4.578142
2234 2 1 4.983607
1197 1 1 4.983607
411 1 1 4.983607
930 1 1 4.983607
2350 1 1 4.983607
1072 1 1 4.983607
2293 2 2 4.578142
1522 2 2 4.578142
1349 1 1 4.983607
1216 1 1 4.983607
991 2 2 4.578142
40 12 9 3.374169
1292 3 2 4.578142
1961 1 1 4.983607
1346 1 1 4.983607
963 2 2 4.578142
345 4 2 4.578142
2822 1 1 4.983607
1755 1 1 4.983607
1170 2 2 4.578142
286 1 1 4.983607
235 2 2 4.578142
774 3 3 4.290459
2951 1 1 4.983607
308 2 2 4.578142
49 1 1 4.983607
1515 2 2 4.578142
2825 1 1 4.983607
807 3 3 4.290459
270 49 16 2.843540
2217 2 1 4.983607
743 1 1 4.983607
1324 1 1 4.983607
450 1 1 4.983607
244 11 8 3.479529
1424 1 1 4.983607
452 1 1 4.983607
2743 1 1 4.983607
2656 1 1 4.983607
700 8 2 4.578142
1250 1 1 4.983607
136 1 1 4.983607
773 6 4 4.067316
1673 5 4 4.067316
918 1 1 4.983607
2947 1 1 4.983607
260 1 1 4.983607
601 2 1 4.983607
874 7 6 3.730844
1736 4 3 4.290459
1747 2 1 4.983607
2345 6 5 3.884994
11 1 1 4.983607
2666 1 1 4.983607
354 17 10 3.278859
2214 1 1 4.983607
2852 2 1 4.983607
490 40 28 2.309458
1725 1 1 4.983607
1123 1 1 4.983607
192 1 1 4.983607
1680 2 2 4.578142
2907 1 1 4.983607
1917 1 1 4.983607
2544 2 1 4.983607
2878 1 1 4.983607
2631 1 1 4.983607
1023 12 7 3.597312
1067 4 3 4.290459
907 6 2 4.578142
1394 1 1 4.983607
512 17 14 2.968704
476 17 13 3.037696
776 10 10 3.278859
2916 1 1 4.983607
951 1 1 4.983607
1801 1 1 4.983607
2485 3 1 4.983607
769 15 7 3.597312
1506 1 1 4.983607
2134 4 2 4.578142
1999 2 2 4.578142
2611 1 1 4.983607
2742 2 2 4.578142
2327 1 1 4.983607
1624 4 1 4.983607
1739 3 1 4.983607
762 2 1 4.983607
1370 2 2 4.578142
855 2 2 4.578142
823 4 4 4.067316
1151 1 1 4.983607
1513 1 1 4.983607
1455 1 1 4.983607
1765 1 1 4.983607
651 2 2 4.578142
1318 4 4 4.067316
715 4 4 4.067316
443 10 6 3.730844
1795 4 3 4.290459
1449 1 1 4.983607
1456 2 2 4.578142
1609 1 1 4.983607
1033 15 9 3.374169
1967 3 1 4.983607
1978 3 3 4.290459
1060 1 1 4.983607
2220 1 1 4.983607
1057 1 1 4.983607
35 16 14 2.968704
2186 1 1 4.983607
2026 2 1 4.983607
1836 2 1 4.983607
1298 19 14 2.968704
410 3 1 4.983607
2004 1 1 4.983607
2418 1 1 4.983607
2665 1 1 4.983607
871 14 14 2.968704
2764 1 1 4.983607
374 8 8 3.479529
268 14 13 3.037696
1008 13 10 3.278859
1051 2 2 4.578142
2697 1 1 4.983607
941 9 6 3.730844
2353 5 1 4.983607
2491 2 2 4.578142
134 2 2 4.578142
800 3 3 4.290459
1260 7 6 3.730844
1525 1 1 4.983607
1405 2 2 4.578142
2072 1 1 4.983607
463 5 5 3.884994
891 1 1 4.983607
2632 1 1 4.983607
797 2 2 4.578142
647 7 7 3.597312
2799 1 1 4.983607
1825 7 2 4.578142
220 5 5 3.884994
1255 1 1 4.983607
1002 3 3 4.290459
1671 4 3 4.290459
2397 2 2 4.578142
163 2 2 4.578142
137 1 1 4.983607
1171 1 1 4.983607
708 10 9 3.374169
1124 1 1 4.983607
1846 4 3 4.290459
1177 5 4 4.067316
1252 3 1 4.983607
2412 1 1 4.983607
2848 3 1 4.983607
720 1 1 4.983607
2118 1 1 4.983607
2142 1 1 4.983607
281 3 2 4.578142
2806 2 1 4.983607
514 15 13 3.037696
2931 1 1 4.983607
2664 1 1 4.983607
484 1 1 4.983607
1675 3 3 4.290459
2398 1 1 4.983607
1342 1 1 4.983607
2299 1 1 4.983607
1579 1 1 4.983607
834 15 11 3.191847
2031 4 2 4.578142
94 10 8 3.479529
2450 1 1 4.983607
489 6 5 3.884994
1348 1 1 4.983607
116 10 9 3.374169
1482 4 3 4.290459
844 8 6 3.730844
77 21 19 2.681022
2204 2 2 4.578142
2097 1 1 4.983607
1341 1 1 4.983607
1361 8 4 4.067316
115 3 3 4.290459
1514 1 1 4.983607
534 5 4 4.067316
2100 1 1 4.983607
12 1 1 4.983607
2519 1 1 4.983607
1882 1 1 4.983607
110 45 39 1.987874
665 1 1 4.983607
1191 1 1 4.983607
566 1 1 4.983607
2274 1 1 4.983607
2063 1 1 4.983607
2071 1 1 4.983607
1284 2 2 4.578142
1559 1 1 4.983607
1258 3 3 4.290459
2016 1 1 4.983607
686 5 3 4.290459
1210 1 1 4.983607
18 1 1 4.983607
970 7 4 4.067316
510 28 14 2.968704
1758 2 2 4.578142
2313 1 1 4.983607
1715 1 1 4.983607
659 1 1 4.983607
2168 4 2 4.578142
602 4 3 4.290459
722 1 1 4.983607
711 20 10 3.278859
2443 1 1 4.983607
2444 1 1 4.983607
549 13 9 3.374169
734 1 1 4.983607
780 1 1 4.983607
2596 1 1 4.983607
1024 3 3 4.290459
2901 1 1 4.983607
2356 2 1 4.983607
264 2 1 4.983607
364 3 3 4.290459
786 6 6 3.730844
249 3 3 4.290459
2102 2 2 4.578142
2879 3 1 4.983607
1007 3 3 4.290459
1327 2 2 4.578142
2734 1 1 4.983607
2125 9 2 4.578142
133 1 1 4.983607
2854 1 1 4.983607
1637 1 1 4.983607
689 2 1 4.983607
2178 3 1 4.983607
15 4 3 4.290459
1389 2 2 4.578142
1020 6 6 3.730844
2449 1 1 4.983607
1206 1 1 4.983607
1556 4 4 4.067316
2237 1 1 4.983607
201 1 1 4.983607
1862 1 1 4.983607
2275 1 1 4.983607
986 5 5 3.884994
1786 1 1 4.983607
2135 2 2 4.578142
693 9 4 4.067316
2994 1 1 4.983607
176 5 5 3.884994
2946 4 1 4.983607
1442 1 1 4.983607
217 18 15 2.904165
2689 3 2 4.578142
2361 1 1 4.983607
537 1 1 4.983607
2923 1 1 4.983607
1062 5 5 3.884994
1286 4 2 4.578142
148 1 1 4.983607
1159 1 1 4.983607
2617 1 1 4.983607
1603 7 6 3.730844
671 18 12 3.111804
2437 2 2 4.578142
2034 1 1 4.983607
1202 1 1 4.983607
414 3 2 4.578142
739 18 12 3.111804
440 3 1 4.983607
406 3 2 4.578142
2473 4 2 4.578142
570 3 2 4.578142
2179 1 1 4.983607
1947 1 1 4.983607
1794 2 2 4.578142
2321 1 1 4.983607
344 6 6 3.730844
2253 3 1 4.983607
2684 1 1 4.983607
2254 1 1 4.983607
149 1 1 4.983607
771 1 1 4.983607
1727 1 1 4.983607
1532 1 1 4.983607
1542 10 6 3.730844
1848 2 1 4.983607
1627 1 1 4.983607
1563 1 1 4.983607
2195 2 2 4.578142
1889 1 1 4.983607
2224 2 2 4.578142
2793 1 1 4.983607
48 107 60 1.565880
2442 1 1 4.983607
1375 1 1 4.983607
1832 1 1 4.983607
1495 3 3 4.290459
457 4 2 4.578142
2775 1 1 4.983607
1565 1 1 4.983607
2788 1 1 4.983607
2718 1 1 4.983607
2846 1 1 4.983607
753 7 4 4.067316
1054 1 1 4.983607
200 3 3 4.290459
1645 6 5 3.884994
1199 1 1 4.983607
333 15 9 3.374169
572 1 1 4.983607
965 7 5 3.884994
292 12 9 3.374169
2776 1 1 4.983607
2941 1 1 4.983607
1344 1 1 4.983607
2101 2 1 4.983607
472 3 2 4.578142
2755 1 1 4.983607
1469 8 7 3.597312
1520 4 4 4.067316
1407 7 6 3.730844
1519 3 3 4.290459
2600 1 1 4.983607
2856 2 2 4.578142
208 9 6 3.730844
2066 2 2 4.578142
302 1 1 4.983607
752 3 2 4.578142
626 4 4 4.067316
2129 1 1 4.983607
2593 1 1 4.983607
592 9 8 3.479529
2272 1 1 4.983607
2294 1 1 4.983607
1236 3 3 4.290459
677 2 1 4.983607
2605 1 1 4.983607
1272 1 1 4.983607
924 7 6 3.730844
36 10 5 3.884994
57 4 4 4.067316
945 3 2 4.578142
304 10 7 3.597312
2052 1 1 4.983607
2132 5 3 4.290459
259 4 4 4.067316
1610 3 1 4.983607
1858 1 1 4.983607
2215 1 1 4.983607
1089 8 8 3.479529
2150 2 1 4.983607
1323 1 1 4.983607
24 1 1 4.983607
2503 2 1 4.983607
1464 4 4 4.067316
2630 1 1 4.983607
1064 7 3 4.290459
267 22 16 2.843540
1582 8 5 3.884994
106 79 63 1.517871
1874 7 4 4.067316
1104 2 2 4.578142
544 3 3 4.290459
143 121 75 1.346020
2865 1 1 4.983607
2906 1 1 4.983607
1502 1 1 4.983607
172 7 5 3.884994
2910 2 2 4.578142
765 8 6 3.730844
1667 2 2 4.578142
1873 1 1 4.983607
2695 1 1 4.983607
728 1 1 4.983607
959 12 9 3.374169
1364 13 10 3.278859
221 17 12 3.111804
2726 1 1 4.983607
2920 2 1 4.983607
2048 1 1 4.983607
2301 2 2 4.578142
362 11 10 3.278859
2622 5 1 4.983607
640 6 5 3.884994
1898 4 2 4.578142
341 16 13 3.037696
656 7 6 3.730844
2522 1 1 4.983607
1420 1 1 4.983607
2054 1 1 4.983607
2833 2 1 4.983607
2411 1 1 4.983607
2675 1 1 4.983607
1517 2 2 4.578142
2719 1 1 4.983607
1227 1 1 4.983607
2153 1 1 4.983607
22 2 2 4.578142
2934 1 1 4.983607
1073 1 1 4.983607
1280 5 3 4.290459
2899 1 1 4.983607
2569 1 1 4.983607
1195 1 1 4.983607
88 8 7 3.597312
1192 6 4 4.067316
475 1 1 4.983607
1792 1 1 4.983607
590 3 3 4.290459
751 16 12 3.111804
2270 2 2 4.578142
1576 7 6 3.730844
1797 2 1 4.983607
1557 1 1 4.983607
2099 2 1 4.983607
1843 1 1 4.983607
2853 1 1 4.983607
2028 1 1 4.983607
493 1 1 4.983607
1353 5 3 4.290459
785 1 1 4.983607
1776 1 1 4.983607
2841 2 1 4.983607
1913 3 2 4.578142
2331 1 1 4.983607
820 4 4 4.067316
322 23 16 2.843540
938 1 1 4.983607
1564 2 2 4.578142
1851 1 1 4.983607
2619 1 1 4.983607
1259 2 2 4.578142
2335 1 1 4.983607
1068 1 1 4.983607
1534 1 1 4.983607
2754 1 1 4.983607
2981 1 1 4.983607
1751 1 1 4.983607
2917 1 1 4.983607
1738 2 1 4.983607
754 1 1 4.983607
1319 1 1 4.983607
1835 2 1 4.983607
1006 3 3 4.290459
2694 2 1 4.983607
2059 1 1 4.983607
118 5 5 3.884994
1408 4 3 4.290459
2124 8 1 4.983607
1856 1 1 4.983607
2870 1 1 4.983607
1111 7 5 3.884994
2267 1 1 4.983607
925 2 2 4.578142
2096 1 1 4.983607
1294 1 1 4.983607
1213 2 2 4.578142
184 10 7 3.597312
161 1 1 4.983607
2490 1 1 4.983607
1890 4 4 4.067316
952 2 2 4.578142
1237 1 1 4.983607
2868 3 1 4.983607
2872 1 1 4.983607
2827 2 2 4.578142
1 41 20 2.632231
1503 2 2 4.578142
1084 1 1 4.983607
1982 1 1 4.983607
868 1 1 4.983607
899 4 4 4.067316
1979 1 1 4.983607
981 2 2 4.578142
26 6 5 3.884994
2396 3 3 4.290459
1428 2 2 4.578142
93 20 7 3.597312
1359 1 1 4.983607
672 1 1 4.983607
1666 7 6 3.730844
1771 2 1 4.983607
2165 16 6 3.730844
2815 1 1 4.983607
13 1 1 4.983607
835 4 3 4.290459
1215 1 1 4.983607
678 23 12 3.111804
997 1 1 4.983607
811 9 5 3.884994
198 1 1 4.983607
740 31 24 2.457878
2676 1 1 4.983607
2939 1 1 4.983607
2230 1 1 4.983607
1070 1 1 4.983607
1035 3 1 4.983607
575 3 2 4.578142
1831 3 3 4.290459
95 12 9 3.374169
2460 1 1 4.983607
1003 12 6 3.730844
168 1 1 4.983607
984 1 1 4.983607
2144 1 1 4.983607
141 1 1 4.983607
325 6 5 3.884994
98 13 6 3.730844
975 2 2 4.578142
849 1 1 4.983607
283 1 1 4.983607
399 4 2 4.578142
757 5 4 4.067316
1907 3 3 4.290459
1504 1 1 4.983607
684 2 2 4.578142
2244 6 1 4.983607
2507 1 1 4.983607
712 3 3 4.290459
398 18 12 3.111804
2512 1 1 4.983607
1869 1 1 4.983607
2202 2 2 4.578142
1722 1 1 4.983607
387 11 9 3.374169
2040 1 1 4.983607
2876 3 1 4.983607
1242 4 4 4.067316
2362 2 2 4.578142
2428 1 1 4.983607
357 21 15 2.904165
420 1 1 4.983607
2143 1 1 4.983607
2888 3 1 4.983607
2574 1 1 4.983607
349 26 8 3.479529
1660 1 1 4.983607
1750 1 1 4.983607
939 1 1 4.983607
794 8 5 3.884994
1761 6 6 3.730844
1593 3 2 4.578142
1096 2 2 4.578142
1512 3 3 4.290459
761 1 1 4.983607
128 20 19 2.681022
1133 1 1 4.983607
1664 3 3 4.290459
1326 1 1 4.983607
383 2 2 4.578142
2333 1 1 4.983607
1568 2 2 4.578142
1336 1 1 4.983607
1087 1 1 4.983607
1004 5 1 4.983607
350 6 3 4.290459
2803 1 1 4.983607
1329 4 1 4.983607
1622 1 1 4.983607
2467 1 1 4.983607
2133 1 1 4.983607
1712 1 1 4.983607
2077 1 1 4.983607
741 5 4 4.067316
340 13 9 3.374169
2246 2 2 4.578142
1470 4 4 4.067316
1983 1 1 4.983607
1157 1 1 4.983607
2108 2 2 4.578142
1229 2 2 4.578142
1501 5 2 4.578142
1787 1 1 4.983607
2032 1 1 4.983607
1179 5 4 4.067316
486 1 1 4.983607
177 3 3 4.290459
1500 1 1 4.983607
424 27 16 2.843540
2250 1 1 4.983607
1938 1 1 4.983607
1990 1 1 4.983607
2826 2 1 4.983607
2241 1 1 4.983607
1876 1 1 4.983607
565 1 1 4.983607
1752 1 1 4.983607
1734 2 1 4.983607
1809 2 2 4.578142
257 11 8 3.479529
644 17 10 3.278859
1549 1 1 4.983607
530 6 6 3.730844
2893 1 1 4.983607
61 32 11 3.191847
117 9 6 3.730844
211 1 1 4.983607
1244 2 2 4.578142
1865 9 6 3.730844
1963 2 1 4.983607
831 1 1 4.983607
103 14 5 3.884994
483 2 2 4.578142
583 3 3 4.290459
2024 1 1 4.983607
2555 1 1 4.983607
495 4 4 4.067316
1188 2 2 4.578142
634 1 1 4.983607
1925 1 1 4.983607
2530 1 1 4.983607
1028 6 6 3.730844
2020 1 1 4.983607
1995 2 2 4.578142
1511 5 3 4.290459
2355 3 1 4.983607
911 1 1 4.983607
790 15 12 3.111804
2375 1 1 4.983607
557 18 12 3.111804
2644 1 1 4.983607
1036 4 3 4.290459
2197 1 1 4.983607
63 20 15 2.904165
1099 16 7 3.597312
2029 8 6 3.730844
471 10 8 3.479529
1753 1 1 4.983607
2928 1 1 4.983607
2316 5 4 4.067316
2456 1 1 4.983607
1605 1 1 4.983607
1065 3 3 4.290459
1728 2 2 4.578142
1409 7 6 3.730844
2341 1 1 4.983607
598 2 2 4.578142
2548 1 1 4.983607
1103 1 1 4.983607
2620 3 3 4.290459
1019 34 17 2.786382
894 1 1 4.983607
703 3 3 4.290459
152 4 3 4.290459
1376 1 1 4.983607
1972 1 1 4.983607
2357 1 1 4.983607
532 5 5 3.884994
409 3 2 4.578142
2659 1 1 4.983607
2955 1 1 4.983607
501 2 1 4.983607
1282 2 2 4.578142
2131 1 1 4.983607
1544 3 1 4.983607
1314 1 1 4.983607
1849 1 1 4.983607
2349 1 1 4.983607
2769 1 1 4.983607
2693 1 1 4.983607
1030 1 1 4.983607
222 9 6 3.730844
2014 2 2 4.578142
1859 1 1 4.983607
1264 2 2 4.578142
883 2 2 4.578142
1911 1 1 4.983607
2567 1 1 4.983607
1535 1 1 4.983607
2388 1 1 4.983607
274 11 7 3.597312
2515 1 1 4.983607
1598 2 2 4.578142
694 2 2 4.578142
254 5 1 4.983607
1791 1 1 4.983607
2120 1 1 4.983607
2073 1 1 4.983607
1176 1 1 4.983607
2716 1 1 4.983607
306 2 1 4.983607
2954 2 1 4.983607
1916 2 2 4.578142
1017 8 8 3.479529
1205 1 1 4.983607
2840 1 1 4.983607
1867 5 4 4.067316
1701 1 1 4.983607
658 1 1 4.983607
2843 1 1 4.983607
2728 2 1 4.983607
1285 1 1 4.983607
847 2 2 4.578142
2417 1 1 4.983607
2671 3 1 4.983607
889 7 6 3.730844
1339 1 1 4.983607
2009 1 1 4.983607
1595 1 1 4.983607
1476 2 2 4.578142
1796 1 1 4.983607
1274 8 6 3.730844
2477 1 1 4.983607
2912 1 1 4.983607
2046 1 1 4.983607
2081 2 2 4.578142
2887 5 1 4.983607
508 6 2 4.578142
535 8 7 3.597312
851 1 1 4.983607
1572 2 2 4.578142
336 9 8 3.479529
2738 2 1 4.983607
1042 9 8 3.479529
1918 1 1 4.983607
953 9 3 4.290459
320 33 15 2.904165
2390 3 1 4.983607
2405 1 1 4.983607
1180 6 4 4.067316
1606 1 1 4.983607
2669 1 1 4.983607
214 2 2 4.578142
2402 3 1 4.983607
1940 1 1 4.983607
1114 5 3 4.290459
1490 2 2 4.578142
1322 1 1 4.983607
390 3 3 4.290459
2859 1 1 4.983607
2508 1 1 4.983607
2610 3 3 4.290459
1433 2 2 4.578142
547 1 1 4.983607
1435 7 7 3.597312
1954 1 1 4.983607
873 14 9 3.374169
1363 11 9 3.374169
2385 1 1 4.983607
1692 7 5 3.884994
2880 2 1 4.983607
1670 4 3 4.290459
215 6 6 3.730844
1592 5 5 3.884994
1351 4 3 4.290459
1139 6 4 4.067316
902 3 3 4.290459
1769 5 2 4.578142
470 20 14 2.968704
2472 2 2 4.578142
1032 3 3 4.290459
2208 6 2 4.578142
140 17 14 2.968704
189 1 1 4.983607
2862 1 1 4.983607
2012 1 1 4.983607
1109 6 3 4.290459
808 7 4 4.067316
1331 1 1 4.983607
2546 1 1 4.983607
2741 1 1 4.983607
627 4 4 4.067316
815 7 4 4.067316
1228 6 6 3.730844
1960 3 2 4.578142
144 1 1 4.983607
1165 1 1 4.983607
363 1 1 4.983607
2971 1 1 4.983607
884 1 1 4.983607
1811 1 1 4.983607
2750 1 1 4.983607
2568 2 1 4.983607
293 5 5 3.884994
875 4 4 4.067316
1602 3 1 4.983607
1879 2 2 4.578142
1789 1 1 4.983607
2818 1 1 4.983607
736 7 6 3.730844
47 5 4 4.067316
2702 1 1 4.983607
2976 1 1 4.983607
2147 1 1 4.983607
1654 1 1 4.983607
1161 1 1 4.983607
1083 3 3 4.290459
2492 1 1 4.983607
473 25 21 2.585711
1429 3 2 4.578142
1077 1 1 4.983607
1745 1 1 4.983607
1021 3 3 4.290459
337 8 7 3.597312
453 14 11 3.191847
1740 6 4 4.067316
2698 1 1 4.983607
416 8 8 3.479529
1350 1 1 4.983607
2962 6 3 4.290459
1108 2 1 4.983607
2164 4 2 4.578142
2218 7 1 4.983607
2505 1 1 4.983607
112 14 13 3.037696
569 2 1 4.983607
2469 1 1 4.983607
21 2 2 4.578142
2440 1 1 4.983607
1142 4 4 4.067316
2737 1 1 4.983607
2566 1 1 4.983607
2194 1 1 4.983607
1895 2 2 4.578142
681 5 4 4.067316
5 7 3 4.290459
146 1 1 4.983607
1743 2 2 4.578142
2745 2 1 4.983607
2249 2 2 4.578142
1093 6 4 4.067316
2706 1 1 4.983607
610 13 7 3.597312
1413 2 2 4.578142
120 25 17 2.786382
480 1 1 4.983607
2389 5 1 4.983607
2933 1 1 4.983607
1219 4 1 4.983607
742 9 8 3.479529
617 1 1 4.983607
2015 3 2 4.578142
2268 3 1 4.983607
1358 2 2 4.578142
1009 3 3 4.290459
538 8 7 3.597312
2061 2 2 4.578142
2710 1 1 4.983607
1641 6 4 4.067316
1547 1 1 4.983607
1948 1 1 4.983607
1733 7 4 4.067316
1749 11 4 4.067316
1724 7 5 3.884994
614 10 10 3.278859
125 36 24 2.457878
983 1 1 4.983607
1626 6 5 3.884994
2999 1 1 4.983607
2571 2 2 4.578142
487 9 6 3.730844
1757 4 3 4.290459
1300 1 1 4.983607
1356 6 3 4.290459
957 13 9 3.374169
2190 2 1 4.983607
760 2 2 4.578142
982 11 10 3.278859
2844 2 2 4.578142
1815 3 3 4.290459
1146 1 1 4.983607
2260 3 2 4.578142
2324 1 1 4.983607
2863 1 1 4.983607
526 5 5 3.884994
1412 3 2 4.578142
974 2 2 4.578142
2583 1 1 4.983607
2942 1 1 4.983607
2637 2 1 4.983607
1496 5 3 4.290459
2531 1 1 4.983607
663 1 1 4.983607
978 2 2 4.578142
2808 3 1 4.983607
1558 2 2 4.578142
10 1 1 4.983607
330 15 14 2.968704
1143 1 1 4.983607
1078 1 1 4.983607
1853 10 4 4.067316
839 2 2 4.578142
1600 3 3 4.290459
2416 1 1 4.983607
389 9 9 3.374169
2949 1 1 4.983607
449 16 12 3.111804
781 1 1 4.983607
207 6 4 4.067316
2929 1 1 4.983607
1537 1 1 4.983607
1653 1 1 4.983607
454 1 1 4.983607
2452 1 1 4.983607
559 13 12 3.111804
2602 2 2 4.578142
67 8 8 3.479529
2174 1 1 4.983607
1803 4 3 4.290459
1058 1 1 4.983607
413 1 1 4.983607
909 15 10 3.278859
6 19 11 3.191847
733 9 9 3.374169
1759 1 1 4.983607
2657 2 1 4.983607
792 16 14 2.968704
1392 2 2 4.578142
985 2 2 4.578142
2392 1 1 4.983607
2285 1 1 4.983607
1014 9 2 4.578142
2079 1 1 4.983607
403 5 3 4.290459
2753 1 1 4.983607
1635 3 3 4.290459
223 4 4 4.067316
2952 3 1 4.983607
2199 1 1 4.983607
1816 2 1 4.983607
2328 1 1 4.983607
1778 3 2 4.578142
2053 1 1 4.983607
695 5 3 4.290459
2322 1 1 4.983607
674 10 5 3.884994
2476 1 1 4.983607
2320 1 1 4.983607
1186 2 2 4.578142
1365 11 7 3.597312
748 6 3 4.290459
2641 1 1 4.983607
2720 2 1 4.983607
1574 5 4 4.067316
2774 1 1 4.983607
517 4 3 4.290459
153 1 1 4.983607
2296 1 1 4.983607
2640 1 1 4.983607
1137 12 9 3.374169
2831 1 1 4.983607
375 1 1 4.983607
1678 3 3 4.290459
1315 1 1 4.983607
2494 3 1 4.983607
1013 1 1 4.983607
2347 1 1 4.983607
1711 1 1 4.983607
2638 2 1 4.983607
821 2 2 4.578142
1650 1 1 4.983607
2877 1 1 4.983607
2500 1 1 4.983607
1584 4 3 4.290459
2997 1 1 4.983607
2098 1 1 4.983607
1920 1 1 4.983607
2489 1 1 4.983607
1899 1 1 4.983607
1968 3 3 4.290459
2231 2 1 4.983607
2479 1 1 4.983607
2236 1 1 4.983607
809 10 9 3.374169
555 7 5 3.884994
910 12 4 4.067316
365 2 2 4.578142
1145 1 1 4.983607
2216 2 1 4.983607
558 3 1 4.983607
2915 1 1 4.983607
1699 3 2 4.578142
2560 2 2 4.578142
199 1 1 4.983607
1799 1 1 4.983607
265 7 5 3.884994
1922 1 1 4.983607
2139 1 1 4.983607
1774 1 1 4.983607
1355 6 4 4.067316
2122 4 4 4.067316
186 2 2 4.578142
66 1 1 4.983607
1949 1 1 4.983607
1977 1 1 4.983607
69 2 2 4.578142
639 5 5 3.884994
2185 1 1 4.983607
1817 1 1 4.983607
622 13 10 3.278859
323 18 16 2.843540
1980 1 1 4.983607
327 19 10 3.278859
2900 1 1 4.983607
705 2 2 4.578142
2604 6 2 4.578142
2188 1 1 4.983607
2559 1 1 4.983607
1090 8 5 3.884994
37 9 7 3.597312
1204 1 1 4.983607
724 3 3 4.290459
384 1 1 4.983607
1764 4 4 4.067316
2334 2 2 4.578142
2107 1 1 4.983607
1102 11 7 3.597312
2777 2 2 4.578142
311 3 3 4.290459
2517 2 1 4.983607
236 5 5 3.884994
2303 1 1 4.983607
2030 7 2 4.578142
744 23 20 2.632231
2080 1 1 4.983607
2547 1 1 4.983607
767 3 3 4.290459
2415 1 1 4.983607
992 1 1 4.983607
2729 2 1 4.983607
314 7 6 3.730844
355 16 8 3.479529
1763 4 4 4.067316
2744 1 1 4.983607
426 6 5 3.884994
1640 5 5 3.884994
1633 1 1 4.983607
2717 3 2 4.578142
556 3 3 4.290459
2534 1 1 4.983607
2399 1 1 4.983607
1527 2 1 4.983607
2681 2 2 4.578142
1644 1 1 4.983607
2151 3 2 4.578142
1378 1 1 4.983607
1387 2 2 4.578142
45 44 30 2.242767
2749 1 1 4.983607
2158 1 1 4.983607
158 1 1 4.983607
2203 2 2 4.578142
850 2 1 4.983607
1808 3 3 4.290459
784 12 5 3.884994
903 2 2 4.578142
2643 4 1 4.983607
2175 1 1 4.983607
552 6 4 4.067316
2226 1 1 4.983607
2587 3 1 4.983607
2950 3 1 4.983607
1924 1 1 4.983607
1840 9 5 3.884994
533 5 5 3.884994
706 9 8 3.479529
2635 3 2 4.578142
942 1 1 4.983607
1973 1 1 4.983607
1118 1 1 4.983607
1937 1 1 4.983607
1553 13 9 3.374169
1588 2 1 4.983607
2435 1 1 4.983607
729 2 2 4.578142
1018 3 3 4.290459
1071 1 1 4.983607
2699 1 1 4.983607
466 25 14 2.968704
687 1 1 4.983607
253 1 1 4.983607
1261 4 3 4.290459
2239 1 1 4.983607
1081 1 1 4.983607
291 63 44 1.870091
1594 3 2 4.578142
1827 2 1 4.983607
632 4 4 4.067316
407 3 2 4.578142
54 5 5 3.884994
1884 4 2 4.578142
2060 4 2 4.578142
1777 2 1 4.983607
2834 1 1 4.983607
1891 1 1 4.983607
2173 1 1 4.983607
1554 1 1 4.983607
127 8 7 3.597312
2119 2 1 4.983607
818 11 8 3.479529
699 1 1 4.983607
1110 4 2 4.578142
1864 1 1 4.983607
2504 1 1 4.983607
1046 3 3 4.290459
944 1 1 4.983607
2903 1 1 4.983607
478 8 7 3.597312
2960 1 1 4.983607
1262 1 1 4.983607
1107 6 5 3.884994
1232 2 2 4.578142
2209 3 3 4.290459
1518 2 2 4.578142
1238 2 2 4.578142
1545 5 4 4.067316
1439 1 1 4.983607
1217 1 1 4.983607
393 6 6 3.730844
2138 1 1 4.983607
1552 2 1 4.983607
65 14 10 3.278859
209 5 4 4.067316
2210 1 1 4.983607
2043 1 1 4.983607
2495 1 1 4.983607
205 1 1 4.983607
1150 1 1 4.983607
377 8 5 3.884994
2787 1 1 4.983607
1952 1 1 4.983607
886 1 1 4.983607
2263 8 1 4.983607
104 64 30 2.242767
300 1 1 4.983607
897 3 1 4.983607
2468 1 1 4.983607
8 2 2 4.578142
2091 1 1 4.983607
999 7 5 3.884994
1279 1 1 4.983607
169 1 1 4.983607
2010 1 1 4.983607
237 2 2 4.578142
650 8 4 4.067316
812 6 4 4.067316
2506 1 1 4.983607
2940 1 1 4.983607
2792 1 1 4.983607
2972 1 1 4.983607
1404 2 2 4.578142
857 3 1 4.983607
1991 1 1 4.983607
1842 1 1 4.983607
2597 1 1 4.983607
173 8 4 4.067316
2711 1 1 4.983607
1377 1 1 4.983607
321 52 27 2.344549
1604 1 1 4.983607
447 5 3 4.290459
2161 1 1 4.983607
2545 3 2 4.578142
351 11 10 3.278859
861 3 3 4.290459
2535 1 1 4.983607
1397 3 3 4.290459
577 31 21 2.585711
229 8 4 4.067316
1122 1 1 4.983607
628 4 4 4.067316
332 16 14 2.968704
2 17 12 3.111804
2636 2 1 4.983607
2895 1 1 4.983607
1847 1 1 4.983607
247 2 2 4.578142
2486 2 1 4.983607
1039 5 4 4.067316
2326 1 1 4.983607
1100 1 1 4.983607
1011 11 10 3.278859
2526 1 1 4.983607
2371 1 1 4.983607
890 1 1 4.983607
339 12 11 3.191847
348 18 13 3.037696
2932 4 1 4.983607
1022 1 1 4.983607
1257 5 5 3.884994
1417 1 1 4.983607
2580 1 1 4.983607
2317 1 1 4.983607
2616 1 1 4.983607
2110 1 1 4.983607
664 1 1 4.983607
1303 1 1 4.983607
1075 1 1 4.983607
1887 1 1 4.983607
2800 1 1 4.983607
2380 1 1 4.983607
2480 1 1 4.983607
2930 1 1 4.983607
1125 1 1 4.983607
1540 1 1 4.983607
2114 4 4 4.067316
1971 1 1 4.983607
1706 6 4 4.067316
863 1 1 4.983607
819 4 4 4.067316
876 1 1 4.983607
2758 1 1 4.983607
1870 1 1 4.983607
1371 1 1 4.983607
1034 2 2 4.578142
388 8 7 3.597312
1997 2 2 4.578142
1193 2 1 4.983607
726 11 10 3.278859
1492 2 2 4.578142
2968 1 1 4.983607
608 5 3 4.290459
1631 1 1 4.983607
2488 1 1 4.983607
1136 23 15 2.904165
1038 4 2 4.578142
946 10 9 3.374169
2924 1 1 4.983607
1458 4 4 4.067316
1707 20 8 3.479529
2067 1 1 4.983607
76 64 45 1.848112
1959 1 1 4.983607
1573 3 2 4.578142
948 1 1 4.983607
2558 1 1 4.983607
1768 1 1 4.983607
723 2 2 4.578142
2652 1 1 4.983607
164 10 10 3.278859
1638 1 1 4.983607
1897 3 2 4.578142
914 1 1 4.983607
621 8 5 3.884994
2374 2 2 4.578142
2457 1 1 4.983607
692 1 1 4.983607
995 1 1 4.983607
1416 4 3 4.290459
2974 1 1 4.983607
511 8 8 3.479529
2779 1 1 4.983607
691 4 3 4.290459
2608 1 1 4.983607
1904 2 2 4.578142
1608 1 1 4.983607
1543 3 1 4.983607
2235 2 1 4.983607
1987 4 3 4.290459
212 22 19 2.681022
932 1 1 4.983607
854 6 5 3.884994
2430 1 1 4.983607
1149 1 1 4.983607
2857 1 1 4.983607
1942 1 1 4.983607
843 5 5 3.884994
1630 1 1 4.983607
1908 2 2 4.578142
1962 1 1 4.983607
1307 1 1 4.983607
858 4 1 4.983607
2255 1 1 4.983607
1225 1 1 4.983607
1276 14 9 3.374169
2433 1 1 4.983607
1094 6 3 4.290459
2595 1 1 4.983607
580 44 2 4.578142
20 2 2 4.578142
421 1 1 4.983607
2936 1 1 4.983607
828 15 9 3.374169
2550 1 1 4.983607
586 4 4 4.067316
2149 1 1 4.983607
2654 1 1 4.983607
2529 1 1 4.983607
770 3 3 4.290459
14 5 4 4.067316
1508 1 1 4.983607
620 15 14 2.968704
167 9 8 3.479529
1976 1 1 4.983607
1462 10 6 3.730844
1120 2 2 4.578142
2511 1 1 4.983607
2233 2 1 4.983607
2157 1 1 4.983607
397 3 2 4.578142
1194 2 1 4.983607
1338 1 1 4.983607
2514 2 1 4.983607
912 1 1 4.983607
1754 1 1 4.983607
2541 4 1 4.983607
747 1 1 4.983607
2410 1 1 4.983607
934 4 1 4.983607
191 9 8 3.479529
646 4 3 4.290459
2582 1 1 4.983607
1781 1 1 4.983607
2281 1 1 4.983607
1826 4 4 4.067316
2811 1 1 4.983607
2963 1 1 4.983607
1082 1 1 4.983607
1128 1 1 4.983607
1570 1 1 4.983607
296 4 3 4.290459
46 9 8 3.479529
1155 1 1 4.983607
2523 1 1 4.983607
870 7 3 4.290459
506 39 19 2.681022
1310 2 2 4.578142
38 4 4 4.067316
53 31 20 2.632231
2393 1 1 4.983607
1218 1 1 4.983607
2238 3 3 4.290459
370 1 1 4.983607
2646 2 2 4.578142
1167 1 1 4.983607
591 3 3 4.290459
2680 3 1 4.983607
885 10 8 3.479529
72 28 18 2.732315
2330 3 1 4.983607
2257 2 2 4.578142
303 6 6 3.730844
2771 1 1 4.983607
972 3 3 4.290459
